1 18
2 11
5 13
4 9
4 2
4 5
1 17
5 3
1 16
1 22
1 22
2 5
5 7
3 11
3 4
2 10
3 0
5 5
4 7
1 3
2 4
1 14
2 11
3 11
5 7
1 10
4 4
3 1
5 5
2 8
5 9
1 12
3 5
1 10
1 13
2 10
4 12
1 10
1 24
1 16
4 3
1 12
3 7
4 5
1 14
1 13
1 14
5 5
1 10
1 18
2 16
1 15
4 4
3 3
5 11
5 10
4 1
1 0
5 5
5 6
5 8
1 16
4 9
4 4
5 6
1 13
3 9
4 8
2 7
4 1
5 6
1 8
5 8
1 24
5 2
2 10
3 4
5 4
5 5
3 4
4 5
5 1
3 3
1 8
3 1
5 1
1 9
1 29
5 2
5 3
2 3
3 2
3 2
4 3
5 6
2 1
5 2
3 2
2 10
1 10
4 2
4 3
4 2
5 1
1 10
5 3
4 1
1 14
5 2
5 4
1 7
5 6
1 10
1 15
5 7
3 8
5 6
1 16
5 7
1 9
5 7
3 8
1 1
3 8
4 1
1 15
1 18
1 16
1 6
4 8
1 15
1 3
1 13
5 6
5 3
2 5
3 10
2 5
4 8
5 10
5 10
4 2
5 13
1 18
5 4
4 7
4 2
5 1
4 3
1 12
1 15
5 4
1 15
1 17
4 11
1 17
2 18
5 28
5 18
4 6
4 7
5 10
5 16
4 9
5 4
5 6
5 1
5 6
1 12
2 5
3 3
4 17
5 13
1 7
5 7
1 8
4 5
2 2
1 4
5 15
5 1
4 6
5 6
2 8
5 4
5 8
3 11
5 7
5 13
5 12
4 13
5 6
5 4
5 2
4 6
4 3
1 7
1 6
5 4
4 2
5 6
5 4
4 14
1 11
3 3
4 8
5 6
4 6
5 4
5 4
5 5
5 4
5 5
1 12
1 8
5 3
2 2
1 11
1 7
5 7
5 29
4 3
5 4
4 2
4 6
4 3
3 12
5 1
5 5
5 8
1 14
3 8
4 5
5 6
5 5
4 6
4 3
5 6
4 9
1 31
4 3
5 6
3 6
3 0
4 5
4 4
5 5
5 5
5 3
5 3
3 0
1 38
5 22
4 6
1 101
4 3
4 16
1 17
1 11
5 6
5 8
2 10
4 2
3 2
5 7
4 8
4 6
3 11
1 100
4 6
5 0
5 6
1 25
5 2
5 3
1 14
5 9
5 6
5 10
1 29
2 16
1 23
1 11
1 14
5 11
4 3
5 28
2 1
5 1
5 2
5 9
5 4
5 6
3 21
5 6
1 14
4 3
1 14
3 8
1 16
1 34
5 3
1 0
5 7
1 30
1 27
1 35
2 17
1 48
5 10
5 10
1 81
1 10
4 6
1 18
1 21
1 29
5 6
2 5
5 6
3 3
5 5
5 3
5 10
1 6
5 4
3 1
5 7
4 3
5 4
2 15
1 15
1 17
3 2
2 38
2 13
1 39
1 21
5 9
5 14
3 5
1 13
5 7
4 29
1 14
1 21
5 4
1 21
5 4
5 1
5 23
4 3
1 26
1 36
1 9
5 7
5 22
5 2
1 14
1 16
5 0
5 9
1 10
1 12
5 11
5 0
1 11
1 42
5 15
5 0
5 4
5 5
1 17
1 12
4 8
5 2
5 1
1 18
1 7
1 12
1 7
4 2
1 5
4 3
1 13
1 8
1 7
4 2
3 0
1 6
1 8
5 1
5 3
1 7
4 3
1 6
1 12
5 1
1 8
1 26
1 19
5 14
1 11
1 13
3 14
5 22
1 30
1 20
1 12
1 18
5 26
4 14
4 5
4 4
4 6
2 24
4 19
5 20
4 9
1 33
4 13
1 37
5 26
1 24
3 7
2 14
1 19
1 20
1 16
5 15
5 7
5 9
5 16
5 0
5 7
5 9
2 8
5 2
4 1
2 12
5 0
1 30
2 6
1 12
5 9
1 24
4 3
5 0
1 11
5 8
5 6
5 7
1 9
1 8
1 15
1 11
2 0
5 6
3 9
4 6
2 5
1 14
5 8
1 17
5 3
1 16
5 25
1 72
1 25
1 26
1 37
4 3
5 24
2 23
5 24
1 26
5 5
5 8
5 6
4 7
1 20
5 10
1 21
4 4
3 3
4 1
2 13
1 17
5 1
1 7
5 14
5 8
3 9
1 23
2 17
5 11
3 0
5 3
1 15
5 7
4 3
1 14
5 7
1 9
5 9
1 9
1 18
5 9
4 1
5 2
3 6
1 7
1 10
5 0
2 3
4 1
5 3
5 4
1 7
5 13
1 17
5 27
2 9
5 5
5 9
5 9
5 12
4 4
4 5
1 12
5 9
5 9
1 19
1 13
1 14
5 6
4 2
5 1
5 3
1 17
5 1
5 9
5 2
3 2
5 4
5 3
1 10
5 6
5 11
3 8
5 2
5 5
1 10
5 2
1 12
1 5
3 3
1 24
5 15
5 4
5 6
5 5
1 19
1 27
4 6
3 11
5 3
1 21
3 9
3 16
5 4
4 32
1 10
1 29
3 17
4 7
5 5
3 6
4 5
2 15
1 28
5 4
4 3
5 4
1 12
1 15
1 12
5 4
5 4
1 11
1 12
1 23
5 10
5 4
5 9
5 0
5 3
5 3
4 8
5 6
5 7
5 6
5 4
3 0
1 13
5 6
1 1
3 1
4 4
5 5
2 8
1 14
2 11
1 18
2 3
4 4
4 4
1 12
4 7
1 15
5 9
5 13
5 7
5 9
5 6
5 7
1 28
4 2
1 23
5 10
3 4
4 5
5 2
4 4
1 9
5 5
2 2
3 3
4 5
1 19
1 24
1 26
4 7
5 5
4 4
5 5
3 5
1 14
5 5
1 17
2 17
2 78
4 4
5 3
5 10
4 3
5 6
5 6
4 12
1 21
4 4
5 14
5 4
3 2
5 14
5 13
3 10
1 1
5 2
5 14
5 13
1 13
5 22
5 11
5 3
3 3
5 4
5 3
1 19
5 0
1 16
1 13
5 2
1 22
4 4
5 0
4 1
5 1
2 10
4 21
4 1
5 1
5 7
5 3
3 1
4 1
3 7
5 5
4 32
5 5
5 2
5 1
5 4
5 1
4 1
2 14
5 3
2 13
5 4
5 3
5 3
5 5
5 0
5 2
5 1
5 5
5 6
5 8
5 14
4 3
1 23
4 11
3 22
5 2
4 0
5 8
5 5
5 9
2 24
5 6
1 29
5 3
3 21
3 20
5 3
2 21
3 4
5 8
3 10
5 2
4 3
1 12
5 2
4 4
5 2
4 3
1 39
4 3
5 7
5 1
1 24
4 1
5 1
3 2
4 0
1 99
2 12
3 8
5 24
2 13
5 9
4 5
2 8
5 6
5 10
4 1
4 4
5 2
5 4
5 6
4 2
1 32
3 6
2 13
2 12
4 1
1 56
5 9
5 4
4 12
5 4
5 8
2 12
5 19
5 11
4 4
5 5
5 8
5 3
5 5
5 21
5 5
5 11
5 7
5 14
5 19
5 20
2 49
2 15
3 3
3 6
1 38
5 6
1 35
5 3
5 6
4 7
4 9
3 10
3 16
5 7
3 3
5 9
5 17
4 5
1 34
5 2
5 4
4 9
5 8
3 3
4 2
5 7
4 2
5 5
3 15
5 9
2 3
5 8
5 6
5 6
5 6
5 5
4 2
5 5
5 24
5 4
3 2
5 23
5 110
5 166
5 49
5 140
5 63
5 78
5 49
5 78
5 190
5 52
5 53
5 25
5 20
5 25
5 1097
5 34
5 55
5 31
5 18
5 32
5 31
5 32
4 22
5 30
5 13
5 22
5 10
5 15
5 8
5 5
4 10
5 8
5 15
5 24
5 7
5 16
5 22
5 12
5 20
5 7
5 5
5 19
5 15
5 8
5 17
5 11
5 8
5 6
5 21
5 8
5 8
5 12
5 52
5 12
5 22
5 23
5 17
4 28
5 28
4 15
5 17
5 17
5 18
5 10
4 16
5 22
5 12
5 11
5 5
5 20
5 25
5 28
4 10
5 21
5 11
5 5
5 20
5 13
5 29
5 10
1 87
5 17
5 6
5 16
4 13
5 42
5 6
5 22
5 8
5 5
4 12
5 9
5 9
5 8
5 8
5 8
5 7
5 6
5 6
5 6
5 6
5 7
5 8
5 8
5 9
5 8
5 0
5 8
5 18
5 8
5 7
5 10
5 7
5 8
5 6
5 8
5 8
5 7
5 8
5 7
5 9
5 8
5 9
5 7
5 19
5 6
5 9
5 8
5 8
5 11
5 228
5 8
5 15
5 10
5 11
5 9
5 212
5 886
4 340
5 529
