5 8
3 14
1 26
4 18
5 14
4 18
5 14
2 15
1 21
4 7
1 18
5 8
5 9
1 17
1 11
1 17
5 6
1 99
2 20
1 16
1 8
5 7
1 10
5 6
1 20
5 13
5 11
1 20
1 12
1 13
1 5
4 6
2 19
5 6
1 38
1 30
5 9
1 20
1 14
1 13
2 16
3 10
5 7
1 15
5 12
1 16
5 4
4 3
1 8
5 3
5 2
1 22
4 3
2 4
5 2
5 4
5 7
3 7
1 11
5 2
5 0
1 11
5 4
5 3
5 0
5 6
5 1
4 2
1 13
1 21
5 7
5 7
1 14
1 28
1 29
5 6
1 14
5 2
1 14
1 18
3 5
5 3
1 18
1 11
5 6
5 2
1 15
5 2
5 5
1 8
1 7
1 12
5 3
1 9
5 0
5 4
5 3
5 5
5 2
5 1
5 4
5 2
5 3
5 5
5 3
5 2
1 5
3 2
1 7
1 8
5 5
5 11
5 9
2 9
5 6
1 10
1 8
1 10
5 14
5 11
2 8
5 14
5 8
1 5
1 10
5 8
1 8
1 5
5 2
3 2
5 12
5 6
5 15
5 1
1 14
5 11
5 13
5 13
5 11
1 9
5 5
5 9
1 8
1 7
1 7
1 8
1 14
2 7
1 5
1 10
5 6
1 11
1 8
1 7
1 9
1 11
1 6
3 7
5 8
1 9
1 13
5 9
5 15
1 11
1 14
1 10
1 12
4 7
1 10
1 59
1 22
1 13
1 7
5 9
3 3
2 10
1 5
1 5
1 6
1 10
1 7
5 9
1 14
5 12
4 6
1 7
5 17
1 4
1 6
5 11
2 5
1 5
5 6
4 9
1 7
1 3
1 10
4 6
1 11
1 10
1 10
5 10
5 6
4 4
1 6
1 108
1 11
1 8
5 9
1 11
1 16
1 9
5 12
4 5
1 6
1 7
5 10
3 3
1 8
5 1
1 5
1 6
1 1
1 5
1 8
5 32
1 10
1 21
5 13
1 5
1 12
1 30
1 13
1 17
1 16
2 12
5 11
1 7
1 9
5 11
5 10
1 3
5 7
5 11
5 7
1 2
5 10
1 6
1 4
1 11
5 9
1 21
1 10
1 38
2 1
5 2
1 16
1 8
1 11
1 40
4 5
1 24
1 22
1 17
5 7
1 10
5 4
1 11
4 8
5 7
4 3
2 151
1 13
5 8
5 5
5 6
1 8
1 8
5 14
3 3
1 15
5 7
1 10
1 21
1 16
1 20
1 25
1 22
1 167
5 28
4 24
4 12
1 23
1 40
5 7
3 0
5 3
4 2
4 0
4 2
5 14
5 5
1 62
1 18
5 4
1 10
2 14
5 15
5 8
5 10
1 7
3 8
4 10
5 5
5 2
5 4
1 30
3 3
1 26
1 45
5 10
5 13
1 14
1 9
5 9
1 6
2 11
1 8
5 20
1 0
2 15
1 9
1 3
1 12
1 13
1 4
5 9
5 10
5 2
5 9
5 6
4 12
5 3
2 13
5 1
1 21
1 26
1 149
5 2
4 0
5 1
1 11
5 18
1 18
4 14
5 12
3 14
5 10
5 8
1 19
1 18
1 18
5 23
2 53
5 16
1 13
2 4
5 12
5 2
1 26
5 2
5 20
1 21
1 18
1 16
5 6
5 12
5 35
1 11
4 9
5 9
5 4
5 12
1 13
1 14
1 2
1 11
5 28
4 8
5 7
4 2
5 6
5 5
3 12
2 27
5 2
1 13
4 0
5 8
1 4
4 7
4 10
5 17
5 3
1 9
5 10
1 11
1 19
1 17
5 8
1 23
2 26
2 6
1 7
1 12
1 3
5 11
1 9
5 7
1 6
5 8
5 10
5 5
5 3
1 9
1 9
5 32
1 13
5 84
5 8
1 11
5 16
4 8
5 9
5 8
5 0
2 6
5 0
5 12
5 4
5 6
1 7
5 3
5 3
5 7
1 8
4 11
5 12
5 11
1 44
1 49
1 28
3 15
4 10
4 7
1 9
5 17
5 19
1 15
2 2
5 16
5 12
1 9
5 6
5 6
1 22
1 20
5 7
1 17
5 9
4 9
5 6
5 11
2 7
1 52
5 15
5 9
5 18
3 11
2 36
5 11
3 11
5 16
1 19
2 10
5 9
5 59
5 1
1 14
5 4
5 22
5 11
4 111
5 12
2 34
5 7
5 13
5 19
5 15
5 10
1 14
4 13
5 13
5 8
5 6
1 14
1 16
4 9
1 5
5 8
2 8
5 8
5 47
3 36
5 10
5 16
5 28
5 25
5 15
5 21
5 6
5 5
2 19
5 25
2 15
1 56
5 55
1 6
3 7
5 15
5 12
5 8
5 13
5 16
1 13
1 25
5 30
5 11
5 106
2 1
5 12
4 25
1 32
5 9
1 59
1 30
5 14
