5 16
4 13
1 14
1 17
5 19
3 6
5 9
5 15
1 17
1 15
5 9
5 11
5 10
5 9
5 12
2 5
1 16
1 23
4 39
1 20
1 11
4 22
1 10
5 41
1 20
3 12
2 15
5 34
2 19
1 14
5 20
2 15
1 13
1 23
1 16
5 24
5 27
5 25
1 14
4 36
2 21
5 42
5 50
4 35
5 25
4 26
1 16
5 30
5 29
5 23
5 24
4 29
4 17
5 24
4 18
5 18
5 20
5 21
5 35
5 29
1 27
5 25
1 28
5 33
5 21
1 16
1 15
1 25
3 18
5 31
5 26
5 25
4 28
5 15
3 11
5 20
4 11
5 14
4 13
3 11
1 38
3 31
5 24
1 25
5 23
5 27
5 72
1 34
4 13
5 24
5 23
3 69
4 17
5 19
5 24
5 10
1 12
5 35
2 44
1 35
1 35
4 28
5 42
1 18
5 29
5 19
1 25
1 42
5 22
5 44
1 21
5 26
5 22
1 23
5 27
1 36
1 24
4 23
3 23
1 29
1 49
1 21
1 31
5 24
1 13
2 26
1 45
5 25
4 12
2 13
5 41
2 37
5 13
4 59
5 32
1 25
3 18
1 20
5 19
1 18
1 39
4 32
1 35
5 60
1 32
5 43
3 27
4 69
1 33
2 67
3 41
1 49
5 30
1 65
3 36
1 44
1 35
5 39
5 40
1 41
1 42
1 66
4 43
1 29
1 30
1 33
4 26
5 41
5 42
4 34
4 30
5 27
5 38
1 14
2 4
1 30
5 16
5 68
1 27
1 38
4 29
1 45
5 41
5 71
1 24
5 55
1 4
5 24
5 39
3 10
1 36
1 39
5 43
1 16
5 31
5 39
5 36
5 28
1 29
1 23
5 40
5 42
1 14
4 19
5 32
2 18
1 14
4 42
5 38
5 42
5 125
4 38
1 17
5 39
5 2
5 33
5 36
5 30
1 13
5 43
1 20
1 13
5 32
5 18
5 35
3 6
5 51
4 11
1 27
5 67
1 36
1 50
2 38
1 35
5 34
5 84
1 25
1 13
5 17
5 31
4 23
5 30
5 67
5 33
3 155
5 38
4 41
4 43
1 22
2 25
4 20
5 24
5 34
1 22
5 24
1 25
1 14
4 29
5 15
1 27
1 21
5 33
1 37
2 9
4 28
5 31
1 26
1 20
1 24
5 35
5 7
5 21
5 19
3 21
5 34
1 17
5 17
1 18
2 16
1 24
1 25
4 13
5 14
1 24
5 17
3 4
5 28
5 21
5 11
5 33
4 31
1 23
1 28
5 23
3 10
1 33
5 44
1 9
1 14
5 16
5 10
5 9
5 16
5 16
5 16
4 13
1 31
4 16
5 18
2 13
1 20
4 22
4 10
1 13
5 43
1 28
1 27
5 2
5 43
1 16
4 35
4 19
5 28
1 14
5 25
1 19
5 22
5 45
5 7
5 28
5 27
1 9
4 12
5 14
5 35
2 9
5 15
5 20
4 6
3 22
5 14
5 456
4 34
5 30
1 29
5 26
1 9
3 9
5 38
1 50
1 25
5 47
1 22
5 23
1 22
4 5
4 11
5 28
5 50
5 30
1 17
1 12
1 11
1 18
1 20
5 9
5 39
5 33
5 26
1 15
3 16
5 16
1 21
4 16
5 32
4 28
1 15
5 30
5 36
1 8
5 35
5 5
5 17
1 17
1 9
4 9
1 12
3 11
3 10
4 28
5 38
5 5
4 18
1 7
1 8
5 29
5 18
5 42
1 21
5 15
1 20
2 42
1 25
1 8
5 28
5 30
5 176
5 14
1 20
3 7
5 22
1 45
1 9
5 25
2 29
5 29
1 16
5 462
1 43
4 42
4 33
5 24
1 17
5 19
5 46
3 5
1 31
3 4
5 51
5 20
5 32
5 16
1 10
5 22
1 18
5 22
1 12
1 17
4 27
5 39
5 22
1 20
5 29
5 42
5 30
2 2
4 46
1 21
2 9
1 13
1 11
5 30
4 29
5 48
4 19
1 39
1 21
5 44
1 21
5 33
1 17
5 15
5 40
5 38
4 12
5 38
1 24
5 13
1 14
1 11
1 7
5 34
5 22
5 34
4 33
1 21
5 31
5 15
5 10
1 12
1 26
1 12
5 32
5 387
5 5
5 25
5 25
4 36
5 7
3 20
2 52
5 25
1 12
5 32
5 21
5 26
3 10
1 27
1 24
5 81
1 23
5 74
1 11
5 1076
1 43
4 25
5 46
3 9
5 36
2 25
5 10
5 47
1 28
5 35
5 18
5 32
5 32
5 35
3 6
4 107
1 28
1 27
5 54
5 346
1 28
1 32
5 52
5 29
5 39
5 24
5 61
1 17
1 20
5 34
1 26
5 94
1 8
1 31
1 20
1 17
5 36
1 22
5 80
5 54
5 61
5 23
5 25
1 18
5 9
1 19
3 36
5 49
5 27
5 36
5 103
5 43
1 17
4 23
5 30
1 0
3 29
5 48
1 26
5 47
3 6
1 21
5 23
5 37
1 26
5 41
5 39
5 70
4 54
5 53
1 25
5 31
1 28
5 53
3 10
5 43
1 27
1 21
5 46
1 25
5 40
3 45
5 45
5 32
5 9
5 43
4 26
1 26
5 26
5 29
5 26
5 61
1 23
1 25
1 16
1 26
1 26
5 66
4 59
4 76
5 111
5 74
5 62
5 59
5 63
5 73
1 12
1 5
5 61
