3 3
3 10
2 11
4 4
5 5
5 13
1 21
5 4
4 4
1 31
4 9
1 28
5 8
1 19
4 9
5 9
3 5
1 19
5 4
1 14
5 23
4 4
1 19
1 7
5 8
5 11
4 5
3 7
4 2
5 2
5 9
5 16
1 11
1 18
5 12
5 10
5 14
2 11
5 4
1 11
5 8
4 11
5 8
5 9
5 14
5 5
5 10
5 8
5 9
5 7
5 19
4 7
4 5
1 22
5 8
1 17
1 16
2 17
3 6
1 17
3 2
1 2
1 18
4 4
2 15
5 4
5 5
5 8
1 3
5 6
5 7
5 9
5 9
5 7
5 10
5 4
5 5
3 8
3 9
5 5
5 13
5 8
2 12
3 6
3 9
4 6
4 5
5 9
5 7
4 5
3 5
5 7
5 5
1 17
5 8
5 5
2 16
3 5
5 7
5 6
5 2
4 5
4 4
1 13
1 17
5 3
5 6
1 11
5 3
4 5
5 4
5 6
1 7
1 15
5 5
4 7
5 1
5 14
1 50
1 23
3 15
4 7
5 19
5 6
5 12
5 9
5 7
4 4
4 4
5 7
5 3
3 6
5 11
5 5
1 29
5 10
1 20
5 3
5 2
3 3
5 9
5 1
5 9
5 11
5 12
4 6
5 8
3 6
5 12
5 12
1 11
5 6
4 2
5 10
5 1
5 5
4 6
3 1
4 7
5 11
1 17
4 7
5 17
5 18
1 8
5 4
5 7
1 25
1 21
1 25
4 6
5 4
1 27
5 6
5 6
3 9
1 17
1 20
1 16
1 27
1 24
2 25
2 43
1 57
4 12
5 12
5 13
5 18
5 13
1 54
5 17
4 21
1 22
1 28
4 10
3 7
5 23
5 12
1 25
5 11
4 9
5 16
5 20
5 6
4 3
5 14
5 16
5 4
4 19
5 11
5 6
1 23
1 25
5 6
5 11
1 39
5 13
1 34
1 48
5 22
4 19
1 27
1 31
4 38
2 31
1 42
1 34
1 31
5 32
1 40
1 33
3 5
5 27
5 23
1 20
5 21
1 11
5 38
5 22
1 13
1 43
1 21
1 22
5 23
2 59
1 12
1 19
1 25
4 8
1 21
1 20
5 49
1 22
1 28
5 78
5 34
2 17
4 21
5 10
1 20
1 22
1 18
1 23
1 19
5 23
3 9
5 6
5 20
5 15
2 19
1 11
3 12
5 7
5 9
1 16
5 5
1 11
1 24
5 17
1 17
5 13
1 33
4 5
1 28
1 8
4 11
1 15
5 21
5 13
1 21
1 38
4 22
5 19
1 16
5 12
4 13
4 7
5 6
5 18
1 16
5 3
1 29
5 8
4 7
1 22
3 12
5 6
5 38
5 32
5 11
5 20
4 23
1 26
1 23
4 239
4 14
4 17
4 23
1 30
1 17
5 25
1 21
5 20
3 14
5 15
1 19
3 3
5 20
3 5
4 27
5 37
2 11
5 19
5 6
1 11
1 19
5 10
2 14
5 16
4 28
5 8
5 13
1 27
1 29
5 15
4 27
1 25
4 25
4 28
1 23
5 8
5 42
1 16
5 21
1 48
1 26
1 13
1 19
1 13
1 21
4 14
5 20
5 12
1 29
5 15
1 18
1 17
5 23
5 19
5 20
1 14
1 16
5 26
5 33
1 29
5 23
5 20
4 37
1 30
5 28
4 19
1 24
5 22
3 18
1 16
5 31
1 30
5 20
5 48
1 33
1 21
3 8
1 21
1 32
1 30
2 11
1 29
5 19
1 23
1 23
1 41
1 32
1 39
5 19
5 22
5 20
1 21
1 24
5 18
1 20
5 15
2 18
1 26
1 28
4 30
1 28
5 26
5 10
5 19
5 13
1 26
1 23
5 15
1 39
1 33
1 16
1 27
1 24
3 10
1 29
5 15
1 22
1 32
5 18
5 16
1 34
1 48
5 38
2 30
4 36
1 54
5 17
5 25
1 48
5 39
5 45
4 29
5 27
5 779
5 8
3 21
5 45
5 33
1 30
5 19
1 33
1 21
1 37
1 27
4 34
4 29
1 23
5 34
1 59
1 38
2 33
5 21
4 25
5 39
5 25
1 28
2 26
1 21
1 29
1 38
3 24
1 14
4 28
5 30
3 63
5 29
2 25
1 21
1 53
5 33
1 35
4 38
1 22
3 33
1 22
4 36
3 14
4 30
1 43
1 39
5 24
1 50
5 16
1 24
5 45
5 27
2 25
4 33
1 35
1 51
4 39
1 41
1 27
4 36
5 36
1 23
1 48
1 43
2 43
1 58
1 59
5 29
1 50
5 28
5 45
1 41
1 47
1 47
1 39
1 51
1 77
1 62
1 62
5 64
4 34
1 52
1 49
1 37
1 48
4 44
1 73
5 46
1 83
5 33
2 68
1 26
5 52
5 25
1 39
1 46
3 145
5 22
1 52
1 56
1 44
1 39
5 53
1 52
1 31
5 51
1 35
4 61
5 56
4 80
5 75
1 47
2 36
1 55
1 41
5 43
5 34
5 37
5 38
1 51
1 41
3 13
2 37
1 41
4 61
2 43
3 32
1 34
1 78
5 46
1 73
1 33
5 70
3 25
5 70
1 39
1 23
1 33
1 23
1 33
1 30
1 37
1 59
1 49
4 62
5 91
1 34
5 85
1 42
1 42
1 38
4 101
1 52
2 35
5 74
5 92
5 70
1 75
1 37
5 35
1 54
5 85
1 33
5 76
1 33
5 81
5 94
4 227
1 52
1 44
5 83
5 66
1 47
4 146
4 31
1 64
1 19
5 97
1 40
2 51
2 43
5 100
2 67
4 125
