4 0
5 1
3 7
3 3
5 0
2 8
5 4
4 2
4 4
5 2
3 2
5 2
2 3
5 5
5 3
1 12
5 8
5 7
5 1
5 2
3 3
5 5
5 2
5 5
5 2
5 1
5 1
5 1
5 1
5 0
5 1
5 1
5 4
5 1
4 2
5 1
3 1
3 10
5 1
5 5
1 6
2 1
5 1
5 1
2 2
4 2
5 1
5 1
5 2
5 2
4 2
2 3
5 0
4 1
4 1
1 15
2 1
3 2
4 4
5 0
2 7
3 5
1 14
2 0
5 1
5 1
5 2
5 8
5 1
4 1
5 2
5 0
5 4
5 0
5 3
5 2
5 2
3 1
5 4
2 3
4 0
4 0
4 5
4 0
4 0
4 0
3 0
4 0
5 0
3 1
5 0
2 1
2 2
5 1
4 0
3 1
3 0
3 0
4 0
4 0
4 0
4 0
4 0
3 1
4 0
3 1
3 0
2 3
4 0
4 0
5 0
5 1
5 0
3 3
5 0
5 0
5 0
5 2
5 1
3 1
5 0
5 0
3 2
5 0
2 4
3 0
5 0
5 1
5 0
4 2
5 1
5 1
5 0
4 4
4 0
4 0
5 0
5 0
5 0
2 7
5 2
5 3
4 0
3 20
5 2
5 1
2 3
5 1
5 0
5 0
4 4
3 3
5 0
5 1
1 11
4 1
4 6
4 1
5 1
2 17
5 3
5 4
4 3
5 1
5 0
4 0
4 0
5 0
5 0
5 2
1 3
1 3
1 2
1 3
4 0
5 0
5 1
1 2
3 2
4 2
2 10
1 15
5 2
1 9
5 4
5 7
5 4
4 6
5 3
5 0
5 2
4 0
5 19
5 3
5 1
3 0
4 43
5 2
5 4
5 1
4 1
5 3
4 2
4 1
5 0
5 1
5 0
5 0
4 0
4 1
3 4
1 2
1 32
4 2
3 1
4 2
4 3
4 1
5 3
5 2
5 1
5 1
3 1
4 1
5 2
5 4
5 2
5 6
4 14
5 0
5 0
5 0
3 1
3 3
1 7
5 0
5 1
4 0
5 6
1 5
5 0
5 2
4 0
1 6
4 6
5 0
5 0
5 1
5 1
5 0
5 0
5 3
5 0
5 3
5 11
3 4
5 6
5 1
5 0
4 3
3 3
5 3
5 11
4 2
4 1
1 7
4 1
5 0
5 1
3 5
5 1
5 5
4 1
1 104
1 19
4 1
2 2
2 0
4 1
5 2
2 4
5 0
3 0
5 4
5 2
1 20
5 3
1 96
5 1
5 1
5 1
1 4
5 2
4 0
4 2
4 0
4 0
5 0
4 1
4 0
5 3
5 1
5 0
5 2
4 5
5 0
5 2
4 5
5 4
3 1
4 1
5 2
5 0
1 9
5 0
5 1
5 0
2 1
5 3
5 0
5 0
3 0
5 4
4 1
5 3
4 1
4 0
4 1
4 0
2 1
4 6
5 0
5 2
2 1
3 0
5 1
5 0
4 1
4 0
3 3
4 1
5 1
5 0
5 5
3 1
1 13
5 4
5 1
4 0
5 5
4 8
5 1
5 1
3 2
5 0
5 2
5 3
5 1
4 1
5 4
4 0
4 44
4 1
5 2
4 1
4 2
5 4
5 4
4 1
5 1
5 4
3 1
5 5
2 24
5 1
5 0
5 3
5 0
5 2
4 2
2 2
3 4
3 1
3 2
5 0
2 6
5 2
5 0
5 1
2 1
4 0
4 0
4 1
4 1
3 5
5 2
2 2
3 1
4 6
4 3
2 3
5 1
5 0
5 0
1 8
4 1
3 1
5 3
5 5
1 9
5 5
3 0
5 3
5 0
5 1
4 3
5 0
3 3
5 0
5 4
4 0
3 14
5 4
5 5
5 1
4 33
5 29
4 25
1 29
5 1
4 0
5 0
5 7
5 3
5 2
3 4
4 1
5 0
5 2
4 3
5 4
5 1
5 2
4 1
5 2
5 1
5 64
5 3
4 4
5 2
5 6
3 0
3 5
3 1
5 2
5 6
5 2
5 3
5 15
4 5
5 1
1 8
5 1
1 5
1 2
4 2
5 2
4 5
5 0
1 8
2 2
1 24
4 1
2 7
2 11
5 21
5 17
4 1
5 5
5 4
5 1
4 4
5 0
3 10
5 4
4 2
4 2
2 9
5 3
5 3
5 3
5 2
5 9
5 7
5 3
5 4
4 6
5 0
4 2
3 8
5 0
5 2
3 4
5 0
5 1
5 5
4 4
5 3
4 8
5 3
5 10
5 4
3 4
5 5
3 5
5 11
3 2
5 2
5 2
2 12
1 8
5 2
5 2
3 3
3 18
4 6
5 8
5 2
5 4
5 4
5 2
5 0
4 1
5 14
5 0
5 4
5 1
5 1
5 12
2 4
5 0
5 0
5 0
4 16
5 4
5 10
4 31
5 7
5 5
5 1
5 0
3 2
5 4
4 23
5 8
5 1
4 6
5 3
5 3
3 3
4 3
5 2
5 1
4 0
2 2
5 0
5 0
5 0
5 1
4 2
4 14
5 48
4 2
5 3
5 0
5 4
5 2
2 9
5 1
5 4
4 1
5 0
4 2
4 1
5 404
3 2
4 9
3 10
2 2
5 0
4 1
1 6
2 7
5 9
1 8
5 0
5 1
4 12
5 30
4 3
3 4
5 5
5 1
5 1
5 9
5 16
5 4
4 1
1 11
5 10
3 7
4 20
5 0
4 1
3 5
4 0
2 3
3 9
5 4
1 27
3 23
1 5
5 1
5 4
4 0
3 15
4 303
4 3
2 8
4 8
3 2
5 4
4 37
4 6
5 286
5 4
4 1
4 11
2 10
4 10
2 6
4 5
5 1
1 5
4 1
5 12
5 2
5 2
4 4
4 0
3 1
4 3
4 5
1 2
4 0
5 18
5 2
2 4
1 1
4 0
4 2
5 2
5 1
3 1
5 2
1 4
4 0
4 0
5 1
2 2
4 1
5 1
5 3
5 1
1 15
5 1
5 1
5 2
4 0
5 0
5 2
3 7
1 13
5 1
4 29
5 11
5 3
5 1
1 17
5 2
1 77
4 8
4 8
5 38
3 63
5 22
4 56
5 3
4 1
4 3
5 4
3 12
2 22
5 19
5 7
5 5
5 2
5 0
5 6
4 0
4 1
5 3
1 3
4 10
4 23
4 0
4 2
4 0
4 6
5 4
5 2
4 7
5 5
4 1
5 0
5 2
5 0
5 0
5 0
5 6
5 1
4 2
4 23
4 14
5 1
2 30
5 8
5 5
5 5
5 14
5 0
3 4
3 25
4 10
2 0
2 24
5 28
5 22
5 12
1 106
4 1
1 9
4 14
5 8
5 0
5 30
5 3
1 33
5 1
5 0
5 17
4 6
5 9
5 3
5 15
5 5
4 6
4 49
4 8
5 7
4 11
3 5
3 4
5 2
5 4
3 191
3 8
5 11
4 16
5 27
4 6
5 9
5 4
5 2
1 8
2 21
4 3
1 11
5 2
4 1
2 0
4 7
5 13
5 0
5 3
5 32
5 8
5 9
4 22
4 7
5 1
4 5
5 2
3 18
2 11
5 5
3 23
5 6
2 3
4 6
3 4
1 45
5 9
5 11
3 5
5 3
5 29
4 14
5 5
5 8
5 8
5 20
2 5
5 2
5 1
2 1
5 1
5 2
5 0
5 2
5 3
4 4
5 1
5 1
5 0
3 3
5 0
5 0
5 0
5 0
5 0
