5 1
5 1
5 5
5 0
5 3
1 9
4 3
3 9
5 3
4 3
5 1
1 15
5 4
4 2
5 5
5 0
5 2
5 2
5 4
5 7
5 6
3 8
4 3
5 4
2 7
5 9
5 15
5 4
4 2
5 8
4 2
5 2
4 1
5 3
4 7
5 3
5 1
4 2
4 1
2 0
5 2
3 1
3 0
4 2
5 2
4 3
5 0
4 1
5 1
5 2
4 2
4 2
5 0
4 4
5 4
4 1
4 0
5 1
5 4
5 4
5 5
5 4
5 5
5 2
5 2
4 3
4 4
5 2
3 0
4 1
5 2
5 1
4 2
3 3
5 0
5 0
4 1
5 0
4 1
5 0
4 0
5 2
5 3
3 1
5 1
5 0
4 2
5 0
3 1
4 0
4 0
4 0
3 0
4 0
5 0
4 0
5 0
5 0
5 0
5 0
5 1
5 1
5 1
2 3
5 1
4 0
4 0
3 1
1 12
4 2
3 0
5 1
5 1
5 0
5 0
5 1
5 0
5 1
3 1
4 0
4 0
4 0
4 0
4 0
5 0
4 0
5 0
5 0
5 1
5 0
5 0
4 0
4 1
4 1
4 0
5 0
4 0
4 0
5 0
4 4
3 7
5 3
2 1
5 5
5 0
3 2
4 0
4 7
5 7
5 3
4 2
5 3
3 9
5 1
4 1
4 3
5 1
4 2
5 2
5 3
3 11
4 1
5 1
2 8
4 1
5 1
5 2
5 1
5 2
4 5
5 1
4 14
5 0
5 0
5 3
5 1
5 1
5 1
5 8
5 3
2 8
5 0
3 12
5 9
5 1
5 2
5 3
4 2
5 2
4 1
4 3
5 4
4 2
5 3
2 14
3 2
4 0
5 8
5 4
5 0
4 3
4 1
5 1
5 2
5 34
5 0
5 1
4 0
4 0
4 2
3 1
4 0
5 1
5 1
5 0
4 0
5 0
4 0
5 2
4 2
5 0
4 0
4 0
5 0
3 0
4 1
5 0
5 0
4 0
4 0
4 0
4 0
5 4
3 0
1 42
4 3
4 0
5 0
4 0
5 1
5 3
1 75
4 3
1 23
3 14
5 1
5 2
5 0
5 8
2 16
5 0
1 25
4 1
5 3
5 2
5 3
3 1
5 0
4 4
4 3
5 1
5 8
5 6
5 3
5 1
4 7
1 40
3 3
5 3
4 14
5 2
4 5
3 0
3 3
4 13
4 13
4 0
4 3
4 0
5 0
4 6
1 24
4 3
5 1
4 1
5 1
5 3
4 1
5 4
5 1
5 0
5 1
5 0
3 4
5 9
4 2
4 1
5 0
5 0
5 0
5 2
5 1
4 0
5 0
5 0
4 0
5 0
4 0
4 0
3 1
4 0
4 0
4 0
5 0
4 0
5 0
5 6
5 0
4 0
4 0
4 0
3 2
4 0
4 0
4 0
4 1
4 1
4 3
2 10
2 3
5 1
3 4
5 0
2 3
3 2
5 1
2 4
5 2
3 4
5 2
5 2
4 1
5 1
4 1
5 0
5 2
5 2
1 17
4 1
5 1
5 5
5 0
5 0
5 0
5 2
5 0
1 22
5 1
5 1
5 0
5 0
5 1
4 1
4 1
4 7
4 0
5 2
4 1
5 0
5 0
5 3
5 8
5 1
5 2
5 3
4 0
5 0
5 4
5 1
5 0
5 1
5 2
5 1
5 0
5 0
5 1
5 4
5 1
5 0
2 10
5 0
5 0
5 30
5 0
3 16
5 7
1 18
4 0
5 1
4 2
4 1
4 0
5 1
5 1
5 4
4 0
5 0
4 0
4 0
4 0
5 1
4 0
4 2
5 4
3 18
2 4
4 0
5 0
5 0
3 5
4 3
5 14
5 6
5 0
3 1
4 1
3 2
4 1
4 0
2 7
4 1
5 2
5 1
4 1
5 14
4 3
1 20
4 12
5 3
5 2
4 1
5 8
4 0
4 0
4 2
5 1
5 1
4 0
4 0
4 0
4 0
5 0
5 0
4 3
5 0
5 1
5 1
3 3
5 1
5 0
4 0
4 0
5 0
4 5
4 0
4 3
5 6
5 1
5 0
5 2
5 3
5 1
4 0
5 0
1 19
5 3
5 22
5 2
5 0
5 3
5 24
5 0
5 2
5 21
3 6
1 39
5 6
4 3
4 1
4 5
5 10
5 7
4 0
5 1
4 2
5 1
2 7
4 2
4 22
5 4
5 1
4 1
4 1
5 11
5 2
5 2
3 6
5 0
4 2
1 17
4 5
5 1
4 1
5 1
5 1
5 0
4 5
5 3
4 1
4 0
2 2
3 0
5 4
5 0
4 0
5 0
4 1
5 0
5 1
4 0
1 35
5 1
4 40
5 0
5 0
1 6
5 8
5 1
5 2
5 3
1 21
4 3
5 2
4 1
4 8
5 1
5 0
5 1
2 25
5 6
5 12
5 12
3 15
1 39
5 1
3 2
3 10
5 2
5 1
5 4
4 1
4 3
4 1
4 0
4 2
5 1
4 0
4 0
4 0
4 0
4 0
5 1
3 0
3 0
5 1
5 1
5 1
4 0
5 1
4 0
4 1
4 0
4 1
4 0
2 3
4 1
4 0
5 2
3 0
5 1
4 0
4 0
5 1
5 0
5 0
5 0
3 0
5 1
4 2
5 1
5 1
5 0
5 0
1 83
4 5
4 6
4 2
4 0
2 2
5 0
2 11
2 6
5 5
5 10
5 2
5 27
4 1
1 14
1 6
5 3
5 12
2 2
5 0
5 1
1 16
5 4
4 0
5 1
5 2
5 0
5 4
4 7
5 3
5 4
5 1
5 0
5 6
4 5
5 1
5 0
5 1
5 3
5 1
5 1
5 0
3 6
5 3
5 6
5 12
4 2
5 0
2 30
4 1
5 6
5 0
5 11
4 3
5 7
5 9
5 3
5 6
5 7
1 34
4 29
5 3
5 9
4 2
4 6
5 5
4 6
5 1
5 1
2 12
5 2
5 11
5 1
5 3
5 4
5 0
5 6
5 4
4 2
5 1
5 5
4 5
1 9
5 3
5 2
5 0
5 8
5 5
3 5
4 5
5 2
4 6
5 1
3 0
4 1
4 3
5 2
5 0
5 1
5 20
5 345
5 2
5 3
5 16
5 7
4 3
1 28
4 0
5 0
5 2
5 2
4 13
5 1
5 0
5 5
5 7
1 13
2 6
5 1
5 58
5 0
5 3
4 5
5 0
5 0
5 1
5 12
4 7
4 0
5 8
4 0
5 1
4 0
5 10
1 29
5 5
5 23
5 17
3 18
5 3
5 18
5 1
5 7
5 5
1 243
2 7
2 10
5 1
