5 11
5 11
5 8
5 9
5 10
5 5
5 13
5 12
1 3
1 4
4 19
1 3
1 3
1 3
1 2
1 3
2 4
1 2
1 2
1 5
3 36
1 5
1 3
1 6
5 8
1 2
4 13
5 12
1 2
1 1
1 2
5 8
1 1
1 1
1 1
1 1
1 1
1 1
1 2
1 3
5 11
1 1
1 2
1 1
1 3
1 2
1 2
1 1
1 3
1 4
1 2
1 3
1 3
1 4
5 12
5 9
1 3
5 8
1 2
1 3
1 4
1 7
1 1
1 2
1 2
1 2
1 1
1 2
5 11
1 2
1 4
5 12
1 3
4 9
5 11
1 1
5 11
1 5
4 9
1 1
1 4
1 3
1 1
1 3
1 1
1 3
1 5
1 1
1 1
1 5
1 3
1 1
1 1
1 2
1 1
1 2
1 1
1 4
5 9
1 1
1 1
1 1
1 1
1 1
4 7
5 10
1 1
1 1
1 1
1 1
1 1
1 1
1 2
1 1
1 1
1 1
1 1
1 1
1 2
1 2
1 1
1 1
1 1
5 8
1 2
5 7
1 1
5 7
1 1
1 1
5 9
1 2
2 4
1 1
1 3
1 2
1 2
1 2
1 1
1 1
5 9
1 1
1 1
5 5
1 1
1 1
1 2
1 1
1 2
1 1
1 0
1 2
5 8
5 6
5 10
1 1
1 2
1 2
1 2
5 8
1 2
5 8
1 3
1 0
1 1
5 7
1 1
1 2
1 1
1 3
5 6
1 1
5 5
5 7
5 10
1 2
1 3
1 0
1 1
1 5
4 2
1 1
1 1
1 2
1 2
5 8
1 2
1 1
1 4
1 3
1 3
1 2
1 3
5 7
1 1
1 3
1 1
1 1
1 3
1 1
1 3
1 1
1 3
5 13
1 1
1 1
5 5
1 2
1 2
1 2
1 2
1 4
1 2
1 1
1 0
1 0
5 7
1 2
1 2
1 1
1 2
5 6
1 1
1 1
1 1
1 2
1 1
1 1
1 2
5 6
1 1
1 2
1 3
1 3
5 5
1 3
1 3
1 2
1 0
1 2
5 9
1 3
1 1
1 2
5 7
1 2
1 1
1 1
1 2
1 2
1 2
4 6
1 2
1 2
1 1
5 8
1 2
1 2
1 3
1 2
1 0
1 2
1 0
1 0
1 3
1 1
1 0
1 1
1 2
5 6
1 1
1 1
1 1
1 3
1 3
1 0
1 1
1 1
1 1
5 2
5 4
5 5
5 1
5 3
5 1
1 4
5 4
1 4
1 7
5 3
1 5
1 3
1 4
1 1
1 2
5 3
1 3
1 4
1 0
5 3
1 5
5 1
1 2
5 2
1 4
1 3
5 1
1 3
1 5
5 2
1 3
1 3
1 3
1 3
5 2
1 5
1 7
1 7
5 1
1 4
5 2
5 1
5 2
5 2
1 3
5 2
5 3
3 2
1 3
1 6
1 14
5 2
1 2
2 9
1 5
1 8
5 2
5 3
1 6
1 4
5 3
1 9
5 2
5 5
1 6
1 11
5 4
5 1
5 1
5 1
5 2
5 1
5 1
1 3
5 3
5 1
4 3
5 4
3 11
5 5
5 3
1 5
5 3
5 1
5 2
1 11
1 5
5 6
5 2
5 5
5 3
5 4
1 4
5 1
5 2
5 1
1 4
1 3
5 5
1 5
5 3
1 7
1 6
5 1
1 13
5 1
5 1
5 2
5 8
5 8
5 4
1 8
5 6
5 5
1 26
5 6
5 3
5 5
5 4
5 6
4 2
5 5
1 7
5 4
5 3
3 4
5 4
5 3
5 4
5 3
3 5
5 3
5 4
5 8
1 8
5 5
5 4
5 8
5 4
5 5
5 5
5 3
5 5
4 1
5 5
4 2
5 4
5 4
5 2
5 3
5 2
5 2
5 3
5 2
5 4
5 3
5 3
5 3
5 3
1 7
1 14
5 5
5 2
5 4
5 5
1 13
2 2
5 3
5 4
5 3
5 3
5 4
5 3
1 3
5 1
1 13
5 3
5 3
5 2
5 3
5 2
1 6
5 1
5 2
4 3
5 2
1 4
4 2
1 6
1 5
2 1
1 6
5 2
1 3
1 3
1 7
1 5
5 7
1 5
5 5
1 6
1 4
5 10
5 9
1 7
5 8
1 6
1 7
5 6
1 4
4 13
5 21
5 17
5 15
1 8
1 7
5 13
1 9
1 6
5 21
1 7
3 10
1 6
5 7
1 7
1 9
5 14
5 10
3 6
5 15
5 15
2 11
5 18
5 20
5 5
5 15
2 7
5 15
5 16
5 15
1 7
5 14
5 17
1 12
3 8
5 15
1 6
5 13
3 9
5 26
1 11
2 8
1 9
5 40
5 25
5 11
1 11
5 33
5 26
1 16
3 3
1 1
1 15
3 5
4 9
5 45
5 35
1 17
3 11
4 38
5 29
1 9
4 26
4 17
1 11
4 23
5 22
1 11
5 24
5 26
1 9
5 15
5 18
2 10
5 24
1 19
5 35
5 24
1 16
5 25
4 23
5 9
5 17
5 11
5 13
5 17
5 8
5 16
5 11
1 7
2 12
4 8
5 24
5 12
4 15
5 7
2 9
1 14
5 13
4 9
5 12
5 15
5 16
3 11
5 14
1 8
5 14
5 11
5 16
5 11
5 11
5 14
5 11
5 13
5 12
5 7
5 12
5 8
5 8
5 10
5 10
5 6
5 11
4 11
4 23
5 6
5 7
5 14
5 10
5 8
5 10
5 21
5 16
5 11
5 28
5 13
1 28
5 14
5 35
5 15
1 16
5 9
5 19
5 17
5 14
5 21
5 21
5 13
5 15
5 23
5 19
5 7
5 19
5 21
5 15
5 18
5 10
5 19
5 7
5 17
5 14
1 27
5 16
5 22
5 21
5 18
5 9
5 8
5 11
5 10
5 18
5 16
5 12
5 37
3 6
5 69
5 2
5 20
5 142
5 13
5 16
5 31
4 35
5 17
5 27
5 7
5 20
5 18
2 9
1 13
5 31
5 16
1 56
5 7
5 32
5 20
5 7
5 31
5 23
5 26
5 34
5 5
5 19
5 36
1 11
5 35
5 7
1 16
5 6
5 26
5 29
4 30
5 30
5 11
5 102
5 22
5 24
5 9
5 30
5 27
5 44
5 11
5 24
5 37
5 41
5 36
5 29
4 17
5 71
5 18
5 32
5 14
5 27
5 28
5 14
4 40
5 34
5 29
5 40
5 35
5 47
5 24
5 54
5 75
5 156
5 49
5 37
5 29
5 34
5 32
5 40
5 44
5 14
5 26
5 39
5 15
5 17
5 30
5 57
5 32
5 36
5 25
5 90
5 46
5 38
5 34
5 34
5 42
5 826
5 47
5 49
5 62
5 52
5 21
1 33
