5 11
1 18
5 20
1 20
4 14
2 12
1 33
1 25
1 14
1 13
1 7
5 9
4 4
1 20
1 24
5 6
1 14
5 9
2 22
4 9
4 5
5 11
1 23
5 18
5 11
5 5
1 35
1 28
1 35
1 29
3 7
1 26
5 12
1 21
3 14
5 10
5 30
1 21
5 13
5 11
2 38
1 41
5 8
1 29
1 62
1 20
5 16
1 19
5 9
5 52
1 21
1 59
5 7
2 50
1 303
1 26
5 13
2 20
1 40
4 10
2 22
1 17
3 14
3 5
5 4
5 10
5 4
1 20
1 41
5 29
1 22
2 18
2 25
4 15
1 35
1 25
1 11
5 4
2 11
1 33
5 16
5 8
1 45
2 11
5 9
5 8
1 16
4 7
1 33
1 12
5 10
5 5
1 21
5 11
5 14
2 17
5 14
3 19
5 10
5 8
3 6
1 14
5 10
1 16
4 6
5 11
5 4
1 13
1 33
5 8
2 12
3 11
5 13
5 9
5 6
5 13
5 8
3 5
1 18
1 16
5 8
5 20
5 11
5 9
1 16
5 11
5 8
1 41
1 14
4 11
5 5
5 13
1 39
1 27
1 11
1 17
2 16
4 10
5 5
2 22
1 30
4 14
1 17
5 18
3 4
3 4
5 9
4 7
1 23
3 2
4 7
1 18
5 11
1 15
5 18
5 14
1 27
5 7
4 6
5 15
4 8
5 9
5 8
5 13
5 7
5 6
4 5
1 15
5 19
5 25
2 6
5 4
5 4
5 3
5 7
1 4
5 8
5 4
4 4
5 3
5 10
5 2
5 4
1 13
5 8
1 18
1 25
5 15
5 8
5 9
1 29
3 14
1 25
5 9
1 11
1 16
5 7
1 13
5 5
1 10
4 7
2 15
5 8
5 6
1 34
5 5
5 6
5 7
5 3
5 4
1 8
5 11
4 5
5 5
1 17
3 5
5 5
4 6
1 11
3 3
5 6
5 11
5 9
1 16
5 4
5 5
3 5
5 7
5 4
1 14
5 4
3 10
1 12
1 12
1 25
5 5
1 17
5 4
5 8
5 3
5 2
1 8
5 4
4 5
1 20
2 15
5 7
5 6
1 8
1 8
5 3
5 3
1 80
5 10
1 8
5 5
1 6
1 4
5 1
1 4
5 15
1 43
1 17
5 43
5 3
1 33
1 27
5 8
2 10
5 9
1 74
5 12
5 12
5 16
5 11
1 39
4 6
5 5
5 8
5 7
5 9
5 7
5 5
5 5
5 3
5 4
1 25
5 4
5 4
1 36
5 5
5 3
5 5
5 5
5 6
5 3
3 7
1 21
5 27
1 22
5 8
4 3
5 3
1 11
4 13
1 13
5 3
1 13
5 4
5 3
1 230
1 35
5 6
3 3
1 15
1 26
5 3
1 13
5 5
5 3
1 17
1 13
1 14
5 3
5 10
5 15
1 15
5 6
5 57
4 13
5 10
5 37
5 1
1 19
5 24
5 7
5 17
2 10
5 10
4 11
1 12
5 10
1 11
5 16
1 18
5 13
5 12
5 14
5 16
5 71
5 13
5 15
1 15
5 9
5 16
5 27
5 11
5 10
1 13
5 15
5 28
1 10
5 10
5 11
1 5
4 9
1 8
5 13
5 8
5 4
1 6
1 9
5 74
4 16
1 8
5 7
4 9
5 17
5 5
2 4
4 6
2 3
5 4
5 2
1 13
1 3
5 7
1 10
1 3
5 2
1 9
5 7
1 6
5 5
5 7
5 5
4 3
5 7
1 8
5 8
1 16
1 8
3 1
5 6
5 4
4 11
5 2
1 13
5 7
1 3
5 8
1 4
1 2
1 9
1 2
5 6
1 5
4 0
5 10
1 6
1 2
1 4
5 3
1 9
5 9
5 2
1 1
5 5
1 5
1 11
5 7
1 7
5 4
5 3
4 7
1 3
5 3
1 4
5 4
5 10
5 8
5 5
5 3
5 6
5 5
1 3
5 6
5 7
5 2
1 1
5 3
5 5
1 10
5 5
1 1
5 6
5 6
5 6
5 16
1 9
5 5
5 11
5 20
1 12
5 5
5 5
5 4
1 8
5 6
5 5
1 7
4 2
5 10
5 6
1 14
5 4
1 10
1 14
5 5
5 5
1 5
1 12
5 8
5 6
5 6
5 6
5 5
5 7
5 7
5 16
5 6
5 5
5 5
1 9
5 17
5 7
5 7
5 7
1 19
5 7
1 4
5 8
5 10
5 1
1 5
5 4
1 15
5 6
1 6
5 2
5 9
5 13
1 7
1 11
5 9
5 8
1 6
5 7
5 12
5 12
1 21
5 9
5 8
5 10
5 13
2 4
5 6
5 9
5 3
5 9
1 5
5 10
5 8
5 6
4 13
5 9
5 9
1 4
5 8
5 13
5 4
5 4
5 5
5 1
1 6
4 11
5 8
5 7
1 10
5 11
1 3
5 4
5 7
5 8
5 13
1 5
4 6
5 10
5 7
1 5
1 5
1 6
2 7
1 7
1 6
1 6
5 7
1 7
5 7
5 3
1 2
5 9
5 15
5 4
1 4
1 8
1 3
1 10
5 8
2 1
5 10
5 3
5 1
5 3
5 9
5 12
3 5
1 6
1 11
2 5
5 11
5 7
5 4
5 9
5 13
5 8
1 7
2 1
5 7
1 8
1 6
5 9
1 4
5 5
5 11
5 3
5 8
5 11
1 2
1 7
1 7
5 9
5 2
5 4
5 2
5 8
5 12
1 4
4 2
1 4
4 7
5 8
5 6
5 7
4 1
5 9
5 8
5 11
5 8
5 12
5 8
5 2
1 4
5 8
5 6
5 7
5 3
5 5
1 9
1 8
5 13
5 6
5 15
1 6
5 0
1 1
1 10
5 17
2 7
5 1
5 5
5 3
5 0
5 6
5 1
5 11
1 6
5 12
5 5
5 3
5 9
5 11
1 4
5 2
5 2
1 6
1 7
5 3
5 9
5 3
5 9
1 5
5 9
5 10
1 7
5 6
1 4
1 5
4 13
5 4
5 14
5 10
1 8
5 10
5 16
5 1
5 5
4 8
5 0
4 11
5 10
5 9
5 6
5 4
5 4
5 7
5 10
1 3
1 11
5 6
1 4
5 4
5 5
3 2
5 3
5 7
5 3
5 6
3 4
1 11
1 7
5 3
1 1
5 0
4 4
1 10
5 5
1 7
5 2
5 4
4 0
5 0
5 4
1 8
5 2
5 3
4 3
5 3
4 4
5 5
1 3
5 4
1 4
5 31
5 11
5 4
5 2
5 2
4 9
5 3
4 4
5 3
5 8
5 4
5 9
4 5
4 4
5 3
5 26
5 3
5 4
5 3
1 10
5 2
5 11
5 5
5 5
1 7
5 4
5 4
5 4
5 3
5 0
5 4
5 9
5 6
5 10
5 10
5 0
5 10
5 15
1 4
1 15
1 13
5 5
1 11
5 13
5 4
5 20
5 6
5 10
5 8
1 6
1 16
5 9
5 5
5 10
5 10
1 9
5 5
5 0
5 11
1 9
5 8
5 7
1 9
1 9
5 10
5 8
5 10
1 4
5 9
1 9
1 13
5 10
5 7
5 8
1 9
1 15
5 10
5 1
4 3
5 6
5 8
5 12
1 10
5 7
5 1
5 5
1 8
5 1
5 2
5 11
1 17
5 19
1 5
1 6
5 5
5 18
1 5
5 12
1 3
1 3
5 13
2 12
1 15
5 13
5 16
5 6
1 4
5 21
1 21
5 21
5 17
1 11
5 13
5 31
5 13
5 20
1 7
5 12
1 9
5 9
4 13
4 10
5 12
1 11
5 27
1 3
1 7
5 17
1 6
1 19
1 10
5 20
5 11
5 15
1 7
4 12
5 11
1 6
5 18
5 15
1 7
5 6
5 10
1 15
1 10
1 9
1 11
5 14
5 14
1 3
5 14
5 6
5 18
5 26
5 9
4 1
5 9
5 14
5 12
5 2
5 13
5 12
5 10
1 3
1 8
5 12
5 17
5 19
5 13
1 9
5 16
5 11
5 23
5 7
5 13
5 21
5 9
5 14
1 2
5 12
4 9
5 4
1 1
5 11
5 16
5 9
1 8
5 11
5 16
5 8
5 13
5 11
1 13
1 7
5 24
5 10
5 2
5 11
5 18
1 14
5 9
5 15
5 12
5 12
5 11
5 8
5 19
5 8
5 12
1 2
5 15
5 2
5 1
5 8
5 26
5 12
5 14
5 9
5 17
5 16
5 15
5 20
5 17
5 10
5 17
5 16
1 18
5 7
5 486
5 9
5 6
5 6
5 8
5 14
5 12
5 3
5 1
5 24
5 21
5 19
5 8
5 14
5 4
5 14
5 16
5 20
1 13
1 13
5 6
5 24
5 19
5 11
5 27
1 12
5 25
5 1
5 8
1 1
5 8
4 11
5 10
5 6
5 5
1 13
1 1
4 13
5 10
5 9
5 5
5 1
5 4
5 17
5 14
5 11
5 23
5 10
5 19
5 31
1 22
4 13
5 15
5 21
5 5
5 29
5 17
5 14
5 7
5 8
5 27
5 24
5 13
5 15
1 16
5 19
1 15
5 2
5 12
5 5
5 4
1 2
1 10
1 21
1 10
5 4
4 5
5 6
2 15
5 18
5 26
5 10
3 6
5 8
1 11
5 4
5 40
4 10
4 9
5 6
1 21
5 9
5 18
2 1
5 3
1 9
5 4
5 3
5 5
5 5
3 4
5 10
5 6
1 10
5 2
5 4
1 12
5 916
5 16
1 12
5 2
5 32
5 4
1 8
1 14
5 7
4 3
5 17
5 18
5 14
5 16
5 15
5 6
3 3
5 12
5 10
1 7
2 8
5 13
1 5
5 2
5 2
5 52
4 19
5 4
5 12
4 7
5 5
5 18
5 10
1 9
1 9
1 10
4 12
5 4
5 12
5 9
5 37
5 30
5 4
5 9
5 7
5 3
5 7
5 9
5 17
5 3
5 7
5 20
5 12
5 7
4 5
5 3
5 7
5 5
5 4
5 4
5 5
5 3
5 3
1 1
5 6
5 8
5 11
5 4
5 4
5 9
5 11
5 9
5 4
3 7
5 2
5 11
5 15
1 9
5 20
5 11
5 11
5 14
5 18
5 21
5 21
5 9
5 16
5 14
1 10
5 11
1 8
1 8
1 11
1 8
5 16
5 11
5 24
5 14
5 16
5 18
5 14
1 0
4 27
5 9
5 25
5 16
5 19
4 15
4 16
1 10
5 11
1 9
5 19
1 10
5 12
5 19
1 17
3 27
5 16
5 14
5 23
5 17
5 24
1 12
5 10
5 14
5 8
5 5
1 5
5 15
5 9
5 19
1 2
5 13
5 8
5 13
5 17
5 12
3 16
5 10
5 14
5 10
5 6
1 15
1 1
1 10
5 7
5 12
1 10
1 4
5 14
5 19
5 13
1 5
1 4
5 5
5 9
5 11
1 15
5 11
5 12
5 18
5 12
5 16
5 7
5 10
5 8
5 15
5 9
5 14
5 17
5 26
1 1
5 17
5 13
5 20
5 12
1 8
5 15
5 14
5 5
1 2
1 13
5 9
5 10
5 17
1 14
5 11
5 11
5 8
5 34
5 15
5 13
5 13
5 21
5 9
1 4
4 15
5 13
1 2
5 27
5 9
5 5
1 2
1 20
1 12
5 11
5 7
5 14
1 7
1 4
5 10
1 2
5 16
5 5
5 18
5 12
1 9
1 4
5 30
5 18
1 4
2 6
5 21
1 4
1 4
4 21
5 11
1 12
1 7
5 12
1 12
1 17
5 15
5 14
5 18
1 13
5 16
5 12
5 25
2 8
5 7
5 17
5 8
1 18
2 9
5 10
1 9
2 3
5 12
5 7
5 15
5 14
1 4
5 16
1 9
1 2
1 2
1 14
1 0
1 3
5 17
1 12
5 15
5 11
5 14
5 23
5 13
5 16
5 11
1 2
1 4
5 13
5 26
5 14
5 14
5 10
5 9
5 10
5 17
5 11
5 14
1 11
5 10
5 17
5 15
5 13
5 14
5 4
5 17
5 16
5 11
5 15
1 6
5 12
1 11
5 11
5 13
5 5
5 14
5 14
5 29
5 29
5 14
5 17
1 6
5 9
1 9
5 18
5 12
5 14
5 19
1 10
5 13
5 19
5 13
1 15
5 12
5 25
5 40
5 32
5 15
5 13
1 7
1 6
5 8
5 10
5 17
2 4
4 15
5 18
5 19
5 8
5 19
5 17
5 14
1 3
5 12
5 23
5 23
5 12
5 8
5 13
5 13
5 15
1 9
5 16
5 13
5 10
5 15
5 16
1 17
5 20
4 7
1 11
5 20
5 8
5 16
3 1
5 25
4 26
1 7
5 9
5 10
5 13
5 35
5 30
1 9
5 16
5 12
1 10
1 2
5 15
1 3
1 6
5 26
5 22
5 22
5 13
1 7
1 20
1 5
1 2
5 28
4 15
1 6
5 32
5 17
5 10
5 37
5 19
5 8
5 8
5 16
5 24
5 21
5 19
5 44
1 4
1 12
5 13
5 10
1 3
5 22
5 31
1 19
5 22
1 9
5 13
5 17
1 5
5 52
1 8
5 35
5 16
5 28
2 2
5 27
5 15
1 29
5 14
4 13
5 25
5 21
5 12
1 5
5 41
1 23
5 33
