1 14
4 6
4 3
4 1
2 9
5 1
5 2
5 0
2 15
1 12
5 2
3 3
5 4
1 10
5 1
3 6
5 2
5 0
4 0
2 5
3 1
5 0
4 0
5 0
4 0
2 6
1 229
3 2
5 3
5 0
1 8
2 4
5 2
1 4
1 9
4 0
1 11
5 5
3 8
2 10
5 6
2 6
3 24
4 3
5 1
4 2
4 1
2 10
3 0
4 3
2 30
4 2
5 4
2 14
3 6
5 2
4 1
3 2
5 1
2 3
5 5
1 10
5 2
3 7
2 4
1 16
4 1
4 2
1 59
5 2
4 1
3 6
5 3
3 1
5 0
5 0
1 14
2 8
4 1
2 9
5 1
5 9
4 2
5 1
5 2
1 12
1 21
5 5
2 7
4 7
2 5
5 1
4 2
5 8
4 4
4 3
4 3
2 8
5 10
4 2
3 2
5 1
4 3
2 5
2 6
4 4
5 2
4 2
1 13
3 3
1 8
5 2
5 3
5 0
5 2
5 1
4 1
1 17
5 1
3 2
4 3
1 26
4 10
5 5
1 15
5 1
3 1
5 1
4 2
4 1
5 2
4 2
5 6
5 2
5 2
3 1
5 0
4 7
4 2
3 4
4 3
5 0
4 5
1 12
4 0
1 138
5 0
4 1
2 9
5 5
5 2
5 7
4 3
5 2
4 0
2 5
5 1
5 2
5 0
5 0
3 1
4 1
4 1
2 7
5 9
3 4
5 2
4 1
2 1
1 28
5 4
5 1
4 2
1 28
4 4
3 2
3 1
5 4
5 0
1 3
2 1
2 5
5 2
5 2
5 1
1 12
5 3
2 13
4 5
4 3
5 3
1 10
4 1
5 5
1 6
5 5
5 5
4 1
1 7
4 1
5 1
5 2
5 2
5 0
5 2
4 3
5 1
1 7
5 0
5 11
4 2
3 0
4 0
5 3
5 2
3 0
4 1
4 4
3 2
1 5
4 1
1 7
4 1
4 9
5 2
5 3
5 3
1 2
5 1
1 3
2 4
3 22
4 0
4 1
4 0
5 1
2 5
5 2
4 0
5 0
1 6
5 4
5 1
4 2
2 5
5 1
5 0
4 2
5 0
5 2
4 0
4 4
5 2
5 0
5 1
5 6
4 1
2 0
1 4
1 10
3 2
5 0
1 13
2 2
1 5
4 2
2 3
5 2
5 0
4 5
5 1
4 4
5 8
2 14
4 1
2 6
1 6
3 1
5 4
4 1
5 1
3 2
3 1
3 1
4 1
1 42
5 0
3 4
3 0
3 0
4 1
5 0
2 2
5 2
5 0
3 1
2 4
5 0
2 0
5 1
4 0
3 6
5 0
5 0
5 1
4 4
5 0
1 4
5 7
4 2
4 1
5 0
2 3
1 7
5 1
4 2
1 4
4 6
5 1
5 1
5 1
3 4
5 0
5 0
3 6
1 7
5 2
4 1
1 6
5 0
4 4
5 0
5 0
2 6
5 3
4 1
3 3
5 170
5 50
1 7
4 6
5 5
4 0
5 1
2 6
5 1
4 2
4 0
2 4
4 0
4 1
3 4
4 7
5 1
5 0
5 8
4 1
5 1
4 0
4 0
2 2
4 2
5 1
4 1
4 0
5 1
3 1
3 1
1 5
4 0
3 1
5 2
2 3
4 1
5 1
1 6
5 1
5 2
5 0
5 1
3 2
5 1
5 0
5 0
5 1
4 0
1 6
4 0
2 6
5 5
2 2
4 5
5 0
4 1
5 2
3 4
4 2
4 0
5 3
5 1
4 1
4 1
5 0
4 0
2 3
4 2
5 4
3 0
1 6
5 0
5 0
4 7
5 0
5 2
5 0
5 0
5 1
5 0
5 2
5 5
4 7
5 2
4 1
5 8
4 3
1 1
5 2
3 4
5 0
5 0
5 1
5 0
4 1
4 1
5 1
1 6
4 1
5 1
4 0
3 10
3 1
4 0
5 0
5 0
5 10
4 0
5 1
5 1
5 0
1 6
2 14
3 4
4 1
5 1
4 1
5 1
5 0
5 0
2 4
5 1
5 3
5 1
3 0
2 2
5 0
4 0
2 3
4 115
4 0
3 4
5 7
5 2
4 3
4 2
4 3
4 2
5 1
4 2
3 3
5 1
5 3
5 0
5 0
5 2
5 9
5 8
5 0
4 0
5 1
4 0
5 1
5 0
5 0
5 0
3 3
2 0
5 0
5 1
4 2
5 0
4 3
4 6
5 0
4 0
5 0
2 14
5 4
4 4
4 1
4 0
4 1
5 1
5 0
1 8
4 2
5 5
5 3
5 2
5 8
1 9
1 9
5 3
5 4
3 2
4 1
4 2
5 19
4 7
4 0
4 4
5 3
5 2
5 1
5 3
5 40
5 3
5 7
4 3
4 3
5 1
5 3
5 1
5 2
1 17
5 2
5 4
5 36
5 37
4 3
4 2
4 0
5 1
5 1
5 3
5 3
4 222
5 1
5 1
5 2
5 2
3 3
5 4
5 0
5 2
3 2
5 77
4 3
5 0
2 8
1 48
5 11
4 5
5 2
2 6
5 5
5 4
5 1
5 0
5 2
5 4
5 2
5 2
5 3
5 1
5 0
5 2
5 5
5 6
3 1
2 2
1 8
5 3
5 7
5 5
5 5
5 21
5 7
5 1
5 6
5 1
5 5
5 7
3 12
5 1
3 0
5 2
5 1
5 0
2 12
4 5
5 20
5 1
1 36
5 4
5 13
5 5
5 1
4 905
5 7
5 4
3 4
5 2
5 6
5 1
5 1
5 2
4 0
5 3
5 1
4 2
5 1
4 0
5 0
5 0
1 6
5 0
1 7
5 1
5 2
3 3
5 2
5 1
5 1
5 2
5 0
5 0
5 0
5 1
5 2
5 0
5 0
5 2
5 0
5 0
4 2
4 0
3 0
5 0
5 0
5 1
1 3
5 0
5 1
4 1
5 1
5 3
5 2
5 2
5 1
5 2
5 2
5 2
5 4
3 0
4 1
5 1
