3 16
5 4
2 2
5 7
3 8
5 1
5 3
5 2
4 7
5 4
3 22
4 1
5 10
5 4
5 3
4 8
5 4
1 9
5 4
5 2
5 13
4 15
5 10
2 10
4 4
4 1
5 6
5 5
5 13
5 19
5 14
1 14
3 10
3 2
5 6
2 15
1 3
5 5
3 41
5 10
4 18
5 9
5 18
5 7
5 11
3 3
5 12
1 32
4 5
3 18
4 9
4 1
5 10
5 22
4 0
5 16
5 9
5 5
2 1
5 14
5 9
4 10
5 17
4 6
5 6
5 6
5 6
5 4
5 8
5 8
5 5
4 4
5 5
5 11
3 6
1 4
2 17
2 2
5 18
5 4
5 3
4 2
5 8
3 5
2 20
5 2
5 5
3 50
5 2
5 3
4 4
5 1
5 7
5 1
5 10
5 41
5 147
5 2
5 8
5 6
5 2
5 1
5 20
3 4
5 2
5 0
5 2
5 3
5 16
5 1
5 8
5 7
5 5
5 17
5 10
5 12
5 11
3 13
4 18
5 9
5 4
5 2
3 5
3 5
4 1
4 7
3 8
1 15
5 10
3 5
5 7
5 9
5 6
5 11
5 14
4 3
4 0
2 4
4 10
5 2
1 5
2 2
3 37
5 14
5 12
4 12
5 5
5 6
3 22
5 16
5 3
5 2
5 0
5 4
5 2
5 5
2 2
4 5
5 2
4 3
5 3
5 4
5 10
5 1
5 2
3 3
2 6
5 15
5 11
5 4
5 12
5 4
1 5
2 8
1 28
5 5
5 0
1 1
5 9
1 6
4 43
5 11
5 6
5 3
4 43
4 56
4 27
3 8
3 10
4 52
5 3
5 31
5 12
5 2
5 13
5 3
2 25
5 7
4 10
1 20
2 52
3 10
4 4
4 9
4 5
5 20
5 1
5 2
3 1
4 3
5 2
4 10
3 13
4 22
5 8
4 3
1 13
5 18
5 0
5 2
3 57
5 15
5 20
5 17
5 1
4 7
5 0
5 2
3 1
4 20
4 11
5 9
4 6
1 51
4 14
5 5
5 3
5 11
5 3
1 8
5 0
5 9
5 7
5 2
4 2
5 4
5 4
5 19
5 5
4 6
3 22
5 42
4 6
4 10
4 4
5 15
5 19
4 9
5 12
5 10
5 14
2 25
3 0
3 21
1 28
5 11
5 22
1 15
4 21
5 0
5 18
4 3
5 18
5 15
3 1
3 27
5 16
3 4
4 0
4 3
2 3
4 30
3 7
3 5
5 3
2 4
4 16
5 5
5 9
3 23
4 8
5 62
4 0
5 20
5 14
4 41
5 20
4 8
5 29
2 19
5 1
5 7
4 8
4 12
4 5
5 5
1 30
1 73
5 7
5 3
3 25
5 66
4 15
5 11
1 13
5 21
5 13
5 20
2 23
4 24
5 19
5 4
3 84
4 74
5 41
4 29
5 23
1 34
4 13
4 69
5 29
5 3
5 3
5 9
3 1
5 20
4 15
3 19
5 0
1 122
3 22
5 10
4 21
5 8
5 8
5 19
5 12
4 4
5 19
5 29
5 39
4 131
4 10
5 13
4 31
4 15
5 8
5 20
4 116
5 58
5 8
5 4
2 5
4 32
5 70
5 69
2 4
5 6
5 15
5 5
1 3
3 3
4 25
5 103
5 27
5 89
5 19
5 7
5 9
5 35
5 1
5 19
5 31
3 19
5 35
5 566
5 9
3 5
1 8
5 162
5 16
5 60
3 5
2 41
1 11
1 161
1 40
5 32
5 8
5 3
4 3
1 10
5 24
5 5
5 134
4 4
2 58
4 7
5 2
5 28
5 4
5 42
1 5
5 5
5 2
5 9
5 8
5 10
5 4
5 4
5 0
5 8
4 22
5 57
5 58
5 15
5 90
5 8
1 72
5 2
5 1
2 27
5 4
5 3
4 4
5 7
4 19
4 1
5 13
5 4
5 4
5 9
3 17
5 2
5 17
4 15
5 14
4 5
5 56
5 437
5 31
5 6
5 18
5 19
2 1
5 21
4 51
5 27
3 13
3 13
4 10
5 8
5 6
5 5
5 1
5 22
5 5
1 5
5 12
1 10
5 18
1 4
5 4
5 8
5 19
5 3
1 30
2 50
5 10
5 24
5 13
3 42
5 67
5 16
5 208
5 24
5 43
4 32
3 56
5 0
5 0
5 41
5 0
5 0
5 0
5 31
4 60
5 24
4 4
5 13
4 25
5 7
5 34
2 62
5 71
5 16
5 49
5 37
5 0
5 12
5 6
4 26
3 20
5 15
5 23
5 71
5 2
5 35
4 18
4 22
5 130
5 13
5 28
4 116
4 0
5 14
4 64
3 31
4 12
5 1
5 12
5 25
4 13
4 62
5 34
5 28
1 27
5 15
5 0
5 32
5 34
5 22
5 16
5 12
5 3
1 7
5 2
5 4
5 1
5 5
5 2
5 3
5 0
5 1
5 2
2 53
4 0
4 1
5 7
5 0
5 2
5 3
5 2
5 0
5 0
5 9
5 0
5 0
5 1
5 0
5 0
5 59
1 5
4 3
5 44
1 10
5 1
5 8
5 2
5 4
5 1
5 1
5 0
4 0
4 0
1 6
3 1
5 3
5 1
5 0
5 0
5 0
5 1
5 0
5 0
5 0
5 0
2 2
5 1
5 0
5 1
4 1
5 1
1 6
5 7
3 0
3 5
5 0
5 0
1 7
4 1
5 0
1 13
5 0
1 2
5 0
5 0
5 0
2 0
1 18
5 33
4 0
1 4
5 1
5 0
5 2
5 0
4 0
2 1
1 3
4 0
5 1
5 1
5 1
5 0
5 1
3 0
5 0
1 2
4 1
3 1
5 0
2 0
5 0
2 4
5 0
1 2
1 3
5 0
5 0
5 0
1 5
5 0
5 0
5 1
5 14
1 4
5 0
5 0
5 0
5 0
5 0
5 0
