5 5
5 2
5 2
1 9
5 1
5 2
4 4
1 21
5 1
5 2
4 1
2 6
4 1
2 7
5 2
5 6
5 4
5 2
5 4
5 2
5 1
5 5
4 3
1 13
5 1
1 25
5 13
5 2
5 3
3 2
4 2
4 1
5 2
5 7
4 7
3 19
5 4
4 4
5 2
3 2
4 2
5 1
1 601
2 10
5 4
3 1
5 2
3 2
4 1
2 4
5 3
5 1
5 2
3 0
2 3
4 1
4 3
1 6
2 5
4 5
1 10
4 6
4 8
4 4
2 4
5 7
5 5
5 3
5 4
5 14
5 3
4 8
5 2
4 2
4 4
5 4
2 14
1 8
5 12
5 3
1 18
4 4
1 25
4 5
5 3
5 4
5 9
4 3
4 11
4 2
5 9
4 1
1 11
5 3
1 193
5 4
4 2
5 1
5 4
2 4
5 11
5 5
2 3
5 3
4 3
4 4
5 4
5 4
5 6
4 3
5 3
1 24
3 2
5 6
5 4
5 6
5 8
3 3
4 2
4 1
3 0
5 2
4 2
1 8
5 2
4 6
3 2
5 8
3 2
2 1
4 4
5 3
5 4
5 5
4 2
3 0
1 22
2 55
5 3
5 2
3 10
4 2
5 2
5 1
5 5
5 1
5 5
5 3
4 2
5 3
4 1
5 22
5 5
5 1
5 3
5 2
3 5
1 361
1 16
5 3
3 1
1 21
3 2
5 3
4 1
4 1
3 1
1 16
1 14
5 2
5 2
1 11
5 4
2 10
5 3
3 4
5 4
5 3
4 1
1 46
5 3
5 5
5 3
4 2
5 2
5 3
5 4
2 6
5 7
5 2
5 3
5 2
2 2
5 2
5 3
5 2
2 4
1 9
5 1
5 4
1 8
2 6
2 24
4 1
4 1
5 1
3 4
4 0
5 3
5 2
1 18
5 4
3 6
5 3
4 1
1 10
5 7
2 5
5 15
4 3
5 5
5 3
5 1
5 5
5 2
5 2
4 1
2 9
5 2
5 1
5 1
5 1
5 1
5 0
4 2
2 8
5 12
4 2
5 0
5 4
4 3
5 3
5 3
5 4
2 5
2 21
5 4
5 4
5 7
5 37
4 2
5 12
5 7
5 7
2 39
1 35
4 2
2 15
1 22
5 3
1 19
5 8
2 16
5 11
5 7
5 0
5 4
5 3
5 3
4 2429
5 3
5 2
4 3
1 16
1 4
1 9
2 25
5 4
4 2
5 6
2 14
4 1
5 4
4 1
5 1
1 29
5 3
5 2
1 23
5 2
5 6
5 0
3 24
4 1
5 2
5 3
4 1
5 1
5 8
5 5
5 3
5 4
4 4
5 2
5 3
1 19
4 8
5 4
5 3
5 4
5 3
5 2
5 2
2 13
3 27
5 0
4 1
5 3
4 3
4 1
1 22
1 37
1 31
5 2
1 37
5 7
4 3
2 26
4 5
5 0
1 28
5 2
3 6
1 153
1 45
1 165
1 73
5 3
2 61
1 32
5 1
4 7
5 4
4 1
5 3
5 2
4 2
4 2
5 1
3 1
5 2
5 2
5 714
4 0
5 2
5 1
2 36
5 2
3 1
3 18
5 1
5 3
3 0
5 2
5 6
4 1
5 1
1 54
5 2
4 1
2 23
5 3
1 86
3 20
5 1
5 0
1 65
5 7
5 1
5 1
5 1
4 0
5 0
5 0
1 44
4 1
4 1
5 3
5 1
1 43
4 1
5 3
5 2
5 1
5 1
5 1
5 1
1 70
5 9
3 0
2 30
5 1
4 0
5 0
5 17
5 1
1 70
2 27
4 1
5 3
5 0
5 2
5 3
4 1
5 2
5 2
5 4
1 33
5 6
5 2
5 5
5 2
4 9
5 6
1 25
5 10
4 0
4 2
5 1
5 3
5 2
5 11
5 3
4 0
1 293
1 26
1 27
4 3
3 7
3 21
1 43
5 5
2 14
4 1
5 3
4 2
4 1
4 0
5 1
4 1
4 1
5 1
4 0
5 1
5 1
5 1
5 2
5 0
5 1
5 1
5 0
5 0
5 2
5 2
5 1
5 1
5 1
2 36
4 7
5 1
5 2
5 40
4 26
5 7
5 1
3 1
5 5
5 1
4 3
5 2
5 1
3 317
5 2
4 0
5 1
5 2
2 26
1 236
3 22
4 3
5 4
5 0
5 2
5 1
4 0
5 3
4 13
5 9
5 7
3 17
5 3
5 3
3 31
5 6
5 2
1 32
4 6
3 23
5 2
5 3
5 1
5 3
3 30
4 1
4 2
5 3
5 1
5 5
5 2
5 0
5 1
5 0
5 1
5 3
5 0
5 2
5 197
5 0
5 2
4 3
4 3
4 0
5 0
5 9
3 0
3 0
5 3
5 0
5 0
5 0
2 11
5 0
5 0
5 1
5 2
5 0
5 0
5 1
5 2
5 0
5 0
5 0
5 1
5 1
4 0
5 0
5 0
5 0
5 0
5 0
5 0
1 18
5 0
5 0
4 1
5 0
5 1
4 1
5 2
5 1
5 1
5 0
5 0
5 0
5 5
5 0
4 1
1 64
3 14
5 1
5 1
5 1
3 11
3 13
