1 35
1 40
3 6
1 35
5 12
3 7
1 28
2 15
4 7
2 33
4 4
4 2
2 18
4 5
5 9
1 27
5 5
1 15
5 4
4 4
4 0
5 2
4 3
2 6
5 1
5 1
2 6
5 1
1 27
1 19
2 4
4 7
5 5
1 4
4 1
1 10
5 6
2 5
3 4
1 14
3 5
5 7
2 6
5 7
1 6
1 4
5 6
4 3
5 4
5 8
5 7
1 7
3 6
2 5
5 10
4 10
5 9
4 7
1 4
5 6
4 9
5 12
3 3
2 7
3 4
4 3
5 6
5 5
3 2
2 5
2 3
4 5
1 6
3 4
2 9
3 5
1 13
2 6
4 23
5 12
5 7
5 7
4 4
5 6
1 7
1 12
5 9
2 11
4 1
5 19
4 6
4 5
1 15
2 5
1 6
4 10
5 8
2 3
4 6
2 2
4 542
3 7
5 9
5 4
3 0
4 3
4 7
3 6
3 4
2 6
4 6
5 6
1 5
2 3
3 16
4 8
3 10
5 2
5 5
1 6
2 11
2 6
5 11
4 12
2 6
2 3
5 6
1 10
5 7
4 2
3 6
5 5
5 15
4 9
4 5
5 9
5 4
2 5
2 3
4 7
4 5
4 5
5 3
5 37
5 50
3 2
2 10
3 6
2 5
5 18
5 13
4 3
3 3
5 8
4 1
1 9
2 3
5 10
2 4
1 12
5 4
3 4
5 18
3 1
1 15
5 7
4 6
1 8
5 6
5 10
4 8
1 10
5 10
4 10
5 5
1 7
1 9
2 4
5 12
1 12
3 10
1 14
4 18
3 3
2 17
4 34
5 8
1 5
5 3
4 2
2 9
4 10
5 12
3 0
2 3
5 17
4 2
5 7
3 2
5 6
1 9
1 21
3 0
1 9
3 4
3 2
5 4
1 9
4 3
2 8
5 5
5 8
5 17
3 0
5 9
5 8
1 10
2 8
1 12
1 12
5 13
1 9
5 11
4 10
4 7
3 9
2 2
3 4
3 5
2 1
1 11
3 3
5 8
2 6
1 11
1 10
1 9
1 17
4 5
5 10
2 11
1 14
5 10
5 10
4 10
4 2
5 5
2 13
5 5
5 13
5 11
4 12
1 10
1 12
1 10
5 6
3 5
3 5
5 11
5 5
5 5
1 7
5 9
5 10
3 6
4 4
2 8
5 5
1 18
4 6
4 4
4 7
4 7
3 12
4 9
3 7
4 13
5 10
5 7
1 13
1 7
4 7
2 9
3 71
2 13
5 4
5 11
4 8
2 8
4 7
1 16
4 4
3 2
5 11
5 7
4 3
1 20
5 1
1 20
1 24
3 9
4 5
2 12
5 6
1 21
3 6
1 21
5 14
1 9
3 24
5 7
5 221
4 14
5 11
1 12
5 16
4 2
5 13
4 10
1 12
3 6
5 13
5 441
3 5
4 15
1 9
4 8
1 10
2 9
5 12
4 10
2 9
3 2
5 13
4 7
3 3
5 12
3 5
1 14
1 13
5 14
1 13
4 15
5 11
5 8
1 6
4 7
5 10
3 2
4 6
4 6
4 6
1 29
4 2
5 5
2 10
1 14
4 7
3 4
5 7
3 5
3 2
5 6
4 24
2 15
2 24
5 37
4 5
1 8
5 11
5 4
1 12
5 35
5 5
5 8
5 8
1 7
2 3
4 3
2 7
1 7
3 3
3 3
5 4
4 5
4 1
4 3
1 17
1 33
2 7
5 16
5 11
5 7
1 10
1 13
2 10
4 3
2 3
1 13
5 15
1 20
3 3
1 7
3 3
5 6
4 4
1 13
2 12
4 15
4 8
1 11
4 11
4 31
4 3
5 9
4 16
5 6
1 18
5 6
5 11
3 6
5 10
4 14
5 7
4 2
3 6
1 16
5 9
5 9
4 7
4 10
5 8
5 1
5 5
5 7
4 5
2 9
4 11
5 7
1 18
5 12
5 10
1 16
5 10
5 10
5 13
2 4
5 12
5 16
5 12
3 3
5 12
4 10
1 11
1 16
5 20
5 10
4 11
4 14
3 2
5 10
1 8
5 19
4 10
4 4
3 5
3 6
1 18
5 10
4 6
5 27
5 11
3 2
4 5
1 13
5 11
5 12
5 11
4 7
1 13
2 7
1 7
1 10
5 12
4 12
5 17
4 14
2 10
5 12
1 13
1 8
4 9
5 11
5 14
1 14
1 16
3 7
5 16
4 28
2 7
2 10
5 20
4 18
1 14
5 13
2 13
4 9
1 11
1 17
4 18
3 11
2 18
2 16
3 12
2 3
3 7
2 102
5 16
5 11
5 8
4 20
1 22
2 105
5 11
3 16
5 14
1 14
5 11
5 19
1 13
2 12
3 11
5 11
4 13
4 7
5 14
1 22
5 13
1 16
5 18
5 16
3 9
2 10
2 11
3 44
1 21
4 13
1 13
1 7
1 31
3 21
1 14
4 8
4 7
1 35
1 18
3 11
5 10
5 6
1 20
5 15
3 22
5 16
1 15
1 19
1 12
5 8
4 17
3 9
5 17
4 23
3 13
5 23
5 16
3 6
1 25
1 34
1 33
5 27
1 17
1 57
4 1186
4 727
2 36
5 31
1 14
2 132
