4 2
2 1
5 3
5 0
4 1
5 0
4 0
5 0
5 1
4 0
5 0
4 2
5 6
4 0
5 0
1 8
1 17
5 0
5 0
2 4
4 0
5 0
5 0
4 0
2 3
2 3
3 1
1 15
5 1
4 2
5 0
4 0
5 2
4 1
3 3
2 1
2 1
5 0
5 2
5 0
5 1
4 1
4 0
3 0
5 1
4 0
5 0
5 0
5 1
5 0
4 0
2 0
5 0
1 17
1 11
4 0
5 0
4 0
5 5
4 0
2 0
5 0
5 1
5 2
5 2
3 1
3 3
4 0
4 0
5 0
3 3
5 1
2 1
4 0
5 0
5 0
3 0
2 2
1 9
5 0
3 0
4 0
4 0
4 1
5 0
5 0
2 1
5 3
1 9
3 1
1 14
5 0
5 0
4 0
4 7
5 0
5 0
5 1
5 4
3 1
3 0
4 0
5 1
2 3
3 1
5 0
4 0
4 0
3 1
3 1
4 0
5 6
5 1
4 0
4 1
4 0
5 0
5 1
5 1
5 1
5 1
4 1
5 3
5 1
1 16
4 0
5 0
5 0
4 0
5 1
5 0
1 18
5 0
3 1
5 0
5 0
4 0
1 6
4 2
5 0
4 1
1 8
3 10
5 1
1 26
5 0
5 1
3 3
4 0
5 0
1 10
5 1
2 6
5 2
5 1
3 1
5 2
4 0
5 0
5 1
3 1
5 4
5 0
5 0
5 0
4 2
3 0
5 0
4 1
2 6
3 3
4 4
5 0
4 1
5 0
4 0
5 0
3 4
3 1
5 0
4 1
5 1
5 6
1 18
5 0
2 8
5 0
5 1
5 0
5 0
5 0
3 0
5 1
5 0
2 2
5 0
5 1
4 1
5 0
5 1
4 0
5 0
5 2
2 3
4 1
5 0
5 1
5 0
5 0
4 1
1 0
2 1
5 0
5 0
2 1
3 16
2 0
4 0
3 1
1 10
5 2
5 0
5 0
4 0
4 0
5 0
2 0
1 16
4 1
5 3
5 1
4 1
4 4
5 0
3 2
1 7
5 0
1 8
5 0
5 0
4 0
3 0
4 4
5 0
5 0
3 4
3 2
3 14
4 1
3 0
5 7
5 0
5 0
4 0
5 2
5 1
5 0
4 1
5 0
5 0
3 1
3 0
5 1
2 2
2 0
4 0
3 0
5 5
5 0
5 0
2 1
2 2
4 0
4 3
5 0
5 0
5 1
5 0
4 2
5 1
5 0
3 0
5 0
5 1
4 0
5 1
3 1
4 0
4 2
3 1
5 1
5 0
5 9
3 0
5 6
5 3
5 2
1 9
3 3
5 3
5 2
5 1
4 5
5 3
4 3
5 3
5 93
5 8
5 2
4 2
5 1
4 1
3 0
4 1
4 2
5 7
4 0
1 12
4 2
5 6
5 0
2 9
5 10
5 0
5 1
3 2
5 3
4 1
2 6
5 2
4 6
5 0
5 0
5 2
4 2
2 5
5 0
5 0
2 2
4 0
2 7
5 2
3 0
4 1
5 7
5 0
4 3
4 2
4 0
5 2
5 3
5 5
4 5
2 2
5 0
5 3
3 10
3 2
5 1
5 0
5 0
2 1
4 5
5 0
5 2
4 1
4 1
5 0
4 0
2 5
3 7
5 1
5 2
3 2
5 1
4 0
1 5
4 2
5 1
5 1
2 3
5 0
5 0
5 0
5 0
5 0
5 0
5 0
4 0
5 1
5 0
3 0
4 0
5 1
3 0
4 0
3 3
3 1
3 0
5 0
5 1
5 0
5 0
4 1
5 2
2 10
5 3
5 0
5 1
4 1
4 3
5 2
5 1
5 1
4 4
5 1
1 8
5 1
4 0
5 0
2 6
5 0
5 1
4 1
3 4
5 1
5 2
3 1
5 0
3 2
1 8
1 18
4 1
4 0
5 0
5 3
5 0
1 6
4 2
5 1
5 1
5 1
5 5
3 0
4 2
5 1
5 6
5 4
5 3
5 4
5 2
4 0
5 8
3 1
4 2
4 2
2 9
5 4
4 6
1 4
4 1
4 3
5 5
5 2
5 2
5 0
5 2
2 7
1 4
5 5
4 2
2 3
5 2
4 0
5 1
5 2
5 0
5 1
3 2
5 0
4 2
4 2
5 0
5 2
5 0
4 0
5 0
3 1
5 0
1 5
4 0
5 0
5 2
5 0
5 0
5 1
4 0
5 0
4 0
2 7
4 0
5 0
2 1
5 0
5 0
1 10
3 0
5 0
5 0
4 0
2 0
2 0
3 0
4 0
1 9
5 0
2 0
5 0
4 0
5 0
5 0
5 0
2 0
5 0
1 3
4 0
5 0
5 0
2 0
2 1
5 0
5 0
5 0
1 3
5 0
4 0
3 1
5 0
5 0
5 0
5 0
1 6
5 1
1 2
5 0
5 101
5 0
5 0
5 1
3 0
