5 1
5 0
5 0
5 0
4 0
4 0
3 0
3 1
4 0
5 1
5 1
4 1
5 2
5 0
5 0
5 0
3 7
2 1
4 0
5 0
5 0
5 1
5 0
3 0
5 0
5 0
5 0
5 0
5 0
5 2
3 3
5 2
4 0
5 0
5 0
5 0
5 0
4 1
5 0
3 3
5 0
5 0
4 1
5 0
5 0
3 0
5 0
5 0
5 0
5 0
4 0
4 0
5 0
5 0
5 0
1 28
1 15
5 0
5 0
5 0
3 1
4 1
3 4
4 1
4 0
4 1
5 1
5 1
5 0
5 0
5 1
5 1
5 2
5 0
5 2
5 0
5 1
3 1
5 1
4 0
4 1
4 0
5 0
5 0
4 1
4 0
4 0
4 0
3 0
3 0
4 0
4 3
4 0
4 0
4 0
5 1
4 2
5 1
4 1
5 1
5 1
4 1
5 1
5 2
5 4
4 2
4 1
5 1
4 0
4 0
5 0
5 111
5 0
4 0
5 0
5 0
4 0
5 4
5 0
4 0
3 0
4 18
5 0
5 0
5 0
3 0
5 0
4 1
4 2
5 6
5 0
5 0
5 0
2 2
5 3
5 1
5 1
5 9
5 4
3 1
5 0
4 0
5 0
4 0
4 1
5 0
5 1
5 1
5 1
4 0
4 2
4 13
5 0
5 0
5 1
5 0
3 0
5 1
5 4
5 2
1 12
4 2
4 2
4 0
4 0
4 0
4 0
4 0
5 87
4 0
4 0
5 0
4 0
5 0
4 0
5 0
4 0
2 1
5 0
4 0
5 0
5 1
5 0
5 2
5 0
4 0
4 0
5 0
5 0
4 0
5 0
5 0
3 0
5 0
5 1
4 0
4 0
4 0
5 0
5 0
5 0
5 0
5 1
4 0
5 0
5 0
5 0
5 0
2 0
3 0
5 0
5 0
5 1
2 1
5 2
5 0
5 0
5 0
5 0
4 0
4 0
5 0
5 11
3 0
5 0
5 1
3 3
5 2
4 0
4 0
5 4
4 1
5 1
5 0
4 3
4 0
3 0
5 0
4 0
4 0
4 0
4 0
4 5
4 0
5 0
5 1
1 4
3 4
4 0
4 0
5 0
5 0
5 0
5 9
5 0
5 0
5 0
4 0
5 0
5 0
5 2
5 0
5 0
4 0
4 1
2 0
5 4
5 1
4 0
5 0
5 1
5 1
5 0
4 0
5 0
5 7
5 4
5 0
4 0
5 6
4 0
5 2
4 0
5 0
5 0
5 1
5 0
5 3
5 0
2 0
5 4
5 0
5 0
4 0
4 0
5 0
5 4
5 0
4 1
5 1
5 2
4 0
4 1
5 1
5 1
4 1
5 2
5 2
4 2
4 3
5 0
4 0
5 1
4 1
1 4
5 2
5 1
3 0
4 2
5 0
4 0
4 0
5 1
5 0
5 1
3 0
5 3
3 4
1 7
5 2
5 2
5 2
4 0
5 1
3 0
3 0
3 0
5 0
5 1
5 1
5 1
4 3
4 0
5 0
5 5
5 1
4 0
5 0
5 0
3 0
4 0
4 0
4 14
1 4
4 1
5 1
5 0
3 0
4 0
4 0
5 1
5 0
4 1
5 1
4 3
5 1
5 18
5 12
5 0
4 1
2 1
5 7
1 3
3 0
3 1
5 0
4 0
4 5
5 0
1 3
5 0
5 0
5 1
5 2
5 1
5 2
5 0
4 0
5 12
3 0
5 0
5 0
5 0
4 0
3 0
5 0
5 2
5 0
5 0
1 8
5 0
5 1
5 0
5 3
1 6
4 0
4 0
4 0
5 2
5 2
3 0
5 2
4 1
5 4
5 0
3 0
2 0
4 1
2 1
2 0
5 0
5 0
5 5
5 2
5 0
5 0
3 0
4 0
3 2
2 3
4 1
4 5
5 1
5 1
5 7
5 2
5 1
4 0
5 0
2 0
3 0
2 0
2 0
5 1
5 0
5 0
5 1
5 1
5 3
5 0
5 1
5 0
5 0
5 0
3 0
5 1
3 0
4 0
4 0
5 40
4 0
5 1
4 0
5 0
5 0
1 2
4 0
4 1
3 0
4 0
1 1
4 0
5 0
4 0
4 0
2 2
4 0
4 0
4 1
3 0
4 0
2 0
5 1
4 1
3 0
4 0
4 0
5 0
3 0
5 3
5 0
5 0
5 0
5 1
5 0
4 0
5 0
5 0
5 21
5 0
5 0
4 0
4 1
5 0
5 2
4 0
4 0
4 0
5 1
5 1
4 0
5 9
5 0
3 3
5 2
3 0
4 1
3 0
4 1
5 1
3 0
3 0
5 1
1 2
3 1
5 0
3 0
1 2
1 3
4 1
5 0
4 0
1 2
5 0
5 3
5 0
4 1
5 0
5 27
4 0
5 2
4 8
5 2
5 1
5 1
5 1
5 3
5 0
5 1
4 0
5 0
4 0
5 5
4 1
3 2
3 0
5 1
4 1
4 1
5 2
4 0
5 6
5 0
5 11
3 0
4 0
3 0
5 0
5 0
5 0
3 0
1 1
5 0
5 0
5 1
5 0
5 0
1 9
5 0
5 0
4 0
5 0
4 0
5 0
5 0
5 0
5 0
2 0
2 1
5 0
4 0
5 0
5 0
3 0
4 0
5 0
2 0
5 0
5 0
5 0
5 0
5 0
5 0
5 1
5 0
5 1
5 1
