5 2
5 0
4 1
5 0
4 2
5 2
5 1
5 4
4 0
5 0
4 0
5 0
5 1
4 1
5 0
3 0
4 0
5 1
5 2
4 1
4 0
5 0
5 0
4 0
4 1
4 1
5 0
5 0
5 2
5 1
5 0
3 1
5 1
4 2
4 1
4 1
5 1
5 2
1 20
5 1
4 0
5 2
5 1
5 1
5 1
5 2
5 0
5 0
3 0
4 0
4 0
4 3
4 1
5 3
4 2
5 0
5 0
5 1
5 3
4 3
5 2
5 0
5 1
5 0
4 0
5 2
5 0
5 1
5 2
4 2
5 0
5 1
3 0
5 0
5 0
5 0
4 1
5 0
5 1
5 0
5 2
5 1
5 0
5 0
5 0
5 1
4 1
4 0
5 0
5 0
4 0
4 1
5 0
5 0
5 1
4 0
5 0
5 0
5 0
5 0
5 0
5 2
5 1
5 1
5 2
5 1
4 0
4 0
5 0
4 0
5 0
5 3
5 0
4 0
4 0
5 0
5 0
5 0
5 0
5 0
4 4
3 6
5 2
4 0
5 0
5 0
5 1
3 0
5 0
3 0
3 0
5 0
4 0
4 0
1 13
5 0
5 0
5 0
5 0
5 0
5 0
5 1
5 1
5 3
5 1
5 0
5 1
3 1
3 2
4 0
5 0
5 1
4 1
5 1
4 0
5 0
4 0
4 0
5 0
4 0
5 0
5 0
5 0
5 0
4 0
4 0
5 0
4 0
5 2
5 0
4 0
5 0
5 0
5 0
5 0
5 0
3 0
3 1
5 0
5 0
5 0
5 0
5 0
5 0
5 0
5 0
4 3
4 0
5 3
5 0
4 0
3 0
5 0
4 0
5 0
5 0
5 0
5 0
5 1
4 0
5 0
5 0
5 4
5 0
4 0
5 0
5 1
1 12
5 0
5 0
5 0
5 0
5 0
5 0
3 1
4 0
4 11
1 7
5 0
5 1
5 1
5 0
5 2
4 0
5 0
4 1
1 28
5 1
5 0
5 0
5 0
5 0
5 0
5 2
5 0
5 3
5 1
5 0
5 4
5 17
5 135
5 0
5 0
4 0
4 0
5 1
5 1
5 0
5 0
5 0
5 1
5 0
5 0
5 0
4 0
4 0
4 0
5 0
5 0
5 0
5 0
5 0
5 0
4 0
5 0
5 2
5 1
5 4
5 0
5 0
5 0
4 1
5 0
5 0
3 0
5 0
5 0
5 0
5 0
5 1
4 0
5 1
5 0
4 0
5 2
3 0
4 0
4 0
5 6
5 0
5 0
5 0
5 1
5 0
5 0
5 0
5 1
5 0
5 1
4 1
4 0
5 0
5 0
5 0
5 0
5 5
4 0
5 1
5 0
4 0
5 0
4 0
3 6
5 1
2 3
5 0
4 0
5 0
5 0
5 4
5 0
5 0
5 0
5 0
5 0
5 0
4 0
5 0
4 0
4 0
4 0
4 0
4 3
5 0
4 0
4 4
4 1
3 0
5 0
1 8
4 0
4 0
3 0
5 5
4 1
3 0
4 0
4 0
4 0
5 0
4 2
5 0
3 0
3 0
4 1
5 0
5 0
4 1
5 0
4 0
4 0
4 0
3 0
4 0
4 0
5 0
1 8
5 0
3 0
5 0
4 0
4 0
4 0
4 0
5 0
5 0
5 0
5 0
5 0
4 0
5 0
4 0
4 1
4 0
3 1
5 1
5 0
5 1
5 2
5 0
5 0
5 1
5 0
5 0
5 0
5 0
5 0
5 0
5 1
5 1
5 0
5 0
4 0
5 0
5 0
5 0
5 0
5 0
2 8
4 0
5 0
5 0
5 0
5 0
5 0
5 0
4 1
4 0
5 0
5 0
5 0
5 0
5 0
5 2
5 0
5 0
5 0
5 0
4 0
4 1
5 0
5 1
4 0
5 0
2 3
5 0
5 0
4 0
5 0
5 0
5 3
4 0
5 0
5 0
5 0
5 0
5 1
4 0
4 0
4 0
5 1
5 0
5 0
5 0
5 1
5 1
4 0
5 0
5 3
4 0
3 0
4 2
5 11
5 2
5 0
5 3
5 0
5 0
5 0
5 0
5 0
5 8
4 0
5 1
5 1
3 0
3 1
4 4
5 0
3 0
5 0
4 0
5 0
3 0
3 0
5 1
3 0
5 0
5 0
5 0
5 0
5 0
5 0
5 2
5 0
5 0
5 0
5 0
5 0
5 0
5 0
5 1
5 0
5 0
5 0
5 0
5 0
5 0
4 0
5 1
3 0
5 0
5 0
5 0
5 0
5 0
5 0
5 0
5 0
5 0
5 0
5 0
5 0
5 0
5 0
5 0
5 0
5 4
5 0
1 2
5 0
5 4
5 1
5 0
5 1
5 0
5 0
5 1
5 1
5 6
3 1
3 0
5 0
5 0
4 3
5 0
5 0
4 0
2 2
5 0
5 0
5 0
4 0
4 0
5 0
5 1
5 0
5 0
5 0
5 1
5 3
4 0
5 0
5 0
5 2
4 1
5 1
5 0
1 16
5 1
5 6
5 0
5 0
5 0
5 0
4 0
5 0
5 0
5 1
5 0
4 1
5 0
5 4
5 0
1 6
5 4
5 0
5 0
5 1
5 0
5 7
5 0
5 0
4 3
5 0
5 0
5 0
4 0
5 0
4 1
5 1
5 0
5 0
5 4
5 0
5 0
