5 0
2 4
5 0
5 0
1 8
5 3
5 1
3 2
5 1
1 3
1 4
5 1
4 0
4 2
5 0
5 1
5 0
5 2
5 1
5 2
2 8
3 1
3 2
4 1
3 4
5 2
5 1
4 1
5 2
2 8
5 0
4 0
4 1
5 0
5 1
4 1
4 2
3 2
4 4
5 4
4 0
4 3
5 0
5 0
5 1
5 0
5 0
4 0
4 0
5 0
4 0
4 1
5 0
3 5
5 1
4 3
5 1
5 2
5 5
4 8
5 2
5 2
5 2
5 0
3 0
5 2
5 1
5 1
4 3
5 1
2 44
5 2
4 0
5 0
4 0
5 2
3 1
5 0
2 18
1 19
3 4
3 5
5 5
4 2
5 1
5 0
5 0
5 1
2 4
2 10
2 6
3 4
5 0
5 0
5 1
5 0
5 0
4 2
5 2
4 2
5 1
5 1
5 1
4 0
2 2
1 22
1 13
5 1
4 3
5 1
4 0
5 0
5 0
5 2
3 1
5 2
5 0
5 0
5 1
3 1
4 2
5 4
5 2
2 11
5 4
3 2
4 1
4 1
5 1
4 1
4 1
4 0
4 1
3 1
4 2
5 2
4 2
3 3
3 3
5 4
5 3
5 5
5 3
5 0
4 2
5 1
5 1
5 1
2 3
4 0
5 0
3 2
4 0
4 4
5 0
5 0
5 2
5 3
5 2
1 11
5 0
5 0
3 2
4 8
5 1
2 29
3 0
5 1
3 0
4 1
3 0
1 32
5 1
5 2
5 2
4 1
4 2
5 2
5 2
5 4
2 4
5 4
3 2
5 3
5 1
4 0
5 0
5 0
5 0
4 0
4 0
5 1
2 5
5 2
3 0
1 10
5 2
1 10
5 1
5 1
2 10
5 2
3 1
4 2
4 1
3 5
5 1
5 2
2 4
5 2
4 1
5 0
2 12
1 6
3 2
2 1
5 2
3 4
2 4
4 3
4 1
5 2
4 3
5 0
3 8
2 5
5 2
4 2
1 12
5 1
5 4
4 1
5 6
5 2
5 4
2 5
5 0
4 1
3 1
3 2
2 18
3 2
3 2
1 6
4 2
1 13
1 12
1 18
4 2
5 2
5 6
3 2
3 11
5 2
5 0
2 16
2 1
5 2
1 30
5 1
3 7
5 3
4 1
5 0
5 0
2 1
2 6
1 8
4 2
3 4
4 0
5 0
2 7
5 0
5 0
3 0
2 3
1 34
3 0
5 0
4 0
5 0
5 2
1 13
5 0
5 1
5 1
5 0
1 15
5 1
2 8
3 3
4 1
5 0
5 2
1 9
5 0
5 5
5 1
1 7
2 7
5 0
1 16
3 1
2 3
5 1
3 3
5 0
5 1
1 64
4 0
5 1
2 6
5 0
5 0
1 7
5 0
1 3
4 3
4 2
4 0
5 0
5 3
5 1
5 1
4 1
5 2
5 1
5 1
5 1
1 4
5 4
3 3
5 1
5 4
5 2
5 6
2 3
5 0
5 1
5 3
4 0
5 0
5 4
4 1
5 0
4 0
4 1
3 1
5 3
5 7
2 3
3 3
3 2
3 3
4 0
3 3
5 1
5 0
5 0
5 1
5 3
5 0
5 1
5 1
1 11
4 2
5 8
5 3
5 0
1 33
4 1
5 8
4 1
2 15
2 6
4 0
3 2
2 15
2 15
5 3
5 6
3 4
5 10
5 11
5 8
5 7
3 2
5 3
4 7
5 10
2 4
5 6
5 7
3 1
5 1
1 11
3 3
2 2
4 4
1 28
4 2
3 2
5 8
5 0
4 0
5 3
3 1
1 11
3 2
4 1
5 5
2 6
3 0
4 1
1 8
5 1
3 3
5 5
5 2
5 2
5 1
3 2
5 5
4 0
5 0
5 4
1 76
4 0
5 1
3 1
5 0
4 2
5 3
1 7
5 4
5 2
5 15
2 51
5 0
5 0
5 1
5 0
5 2
3 2
5 5
5 4
5 3
5 1
5 4
2 4
4 0
5 1
5 4
3 7
5 0
5 8
5 1
2 8
5 2
3 2
1 49
3 6
5 0
5 0
4 0
5 2
4 2
5 0
4 0
4 2
4 0
4 1
5 1
4 0
5 0
4 0
5 1
5 1
1 15
4 2
5 0
5 5
1 6
4 6
5 4
5 4
1 10
4 0
4 2
5 1
5 0
1 19
5 1
4 1
5 2
5 1
4 2
5 0
5 0
4 0
5 0
1 14
5 0
5 0
4 0
4 0
3 2
5 1
4 1
5 2
5 1
2 40
5 0
4 3
4 1
2 8
5 0
5 1
5 0
5 2
1 5
5 2
3 7
4 5
5 2
5 0
1 22
5 1
4 0
5 2
5 0
1 8
4 2
4 1
4 0
4 3
5 8
5 0
5 0
5 0
5 0
5 1
3 17
5 2
5 0
2 11
5 0
4 2
5 0
5 1
4 0
5 0
4 1
4 3
5 0
5 0
4 2
5 2
5 4
5 3
4 2
5 3
5 3
5 3
5 1
5 0
5 1
4 1
3 6
5 0
5 1
4 0
1 15
5 0
4 0
4 0
4 1
5 0
3 2
2 4
3 1
4 0
5 0
4 0
2 2
4 0
5 0
5 0
4 0
4 0
4 0
5 2
5 4
4 1
4 0
2 7
5 2
5 8
3 30
2 3
1 59
5 2
2 0
5 3
1 9
4 0
5 6
5 12
5 3
3 1
5 0
2 6
5 1
5 4
5 0
5 0
5 0
5 0
3 12
5 4
1 25
5 1
5 4
1 23
4 2
5 5
5 3
4 1
5 0
5 1
5 2
1 19
5 0
5 2
5 1
4 4
5 2
5 5
5 5
2 5
5 2
5 1
5 0
4 0
5 3
1 15
2 0
5 3
5 1
5 1
5 2
2 1
1 8
5 1
5 1
5 1
1 105
5 7
5 13
5 2
5 1
1 7
5 2
5 0
5 0
5 0
3 1
5 3
4 4
4 2
2 4
5 2
1 6
5 2
1 7
4 8
4 4
2 566
5 1
5 4
5 7
3 3
5 4
5 0
4 0
5 5
5 1
4 0
5 0
5 17
4 4
4 0
5 0
5 0
1 6
5 0
5 173
5 5
5 6
5 8
5 4
5 9
4 4
5 6
5 6
4 8
4 1
4 0
5 6
4 1
4 1
2 12
3 13
3 0
5 7
3 12
5 13
4 7
5 6
5 3
5 1
5 28
5 2
5 1
4 2
5 7
5 5
2 14
5 7
4 3
3 8
1 6
3 13
4 3
4 4
5 4
5 3
4 5
5 4
5 0
4 1
5 2
5 1
1 15
5 3
2 4
