4 0
4 0
5 0
4 1
3 2
2 3
4 1
3 1
3 1
5 2
1 7
4 1
5 2
5 4
5 2
5 4
4 1
4 1
3 4
3 6
5 1
4 2
4 1
5 0
3 1
4 1
5 3
5 1
4 0
1 13
2 10
3 0
2 15
2 5
1 8
2 11
5 1
5 2
5 2
5 3
1 6
5 1
5 0
4 0
4 1
2 11
5 0
4 0
4 0
5 1
5 2
4 0
5 3
5 3
5 4
5 1
4 566
5 3
4 1
4 3
4 3
5 5
5 2
5 1
5 2
5 2
2 7
5 1
5 3
5 0
5 0
3 1
5 4
4 0
5 2
3 1
4 0
4 1
5 1
1 8
4 1
4 2
5 1
5 2
5 0
4 2
4 3
5 1
3 2
5 0
5 1
4 1
5 0
5 1
5 3
5 5
3 2
1 201
5 4
5 7
5 6
5 5
4 5
3 6
3 7
5 7
5 6
4 2
3 4
4 1
4 2
4 1
1 11
4 2
5 1
2 9
5 1
5 1
5 2
5 0
5 0
5 8
5 2
5 3
2 5
4 0
4 2
5 13
5 3
5 0
3 1
2 6
1 11
5 4
4 1
5 1
3 4
5 5
4 1
3 3
3 0
4 5
1 23
5 5
5 7
2 7
4 3
5 5
5 4
5 5
4 7
5 8
5 4
4 4
1 8
4 3
5 2
1 8
1 6
5 3
5 5
5 4
3 11
5 1
5 3
4 5
5 1
5 2545
5 2
5 6
1 11
4 0
5 1
5 5
5 1
5 4
1 7
5 3
5 2
2 1
5 3
5 1
5 2
5 4
5 7
5 8
4 3
5 7
4 0
2 4
2 4
3 0
5 3
5 3
1 12
5 5
5 2
4 2
5 1
1 11
3 1
4 3
5 1
5 4
1 5
2 6
4 1
5 4
2 6
3 0
3 1
5 0
4 2
2 20
1 16
5 3
3 2
4 3
5 2
3 6
3 1
5 2
4 2
3 5
5 2
5 4
1 7
4 1
4 1
3 1
5 2
5 1
5 0
3 5
2 2
5 4
5 1
4 0
3 0
3 0
4 0
5 0
5 0
5 6
5 0
5 0
4 9
5 1
5 2
3 4
5 9
4 4
5 1
5 4
5 3
4 1
3 4
5 4
2 5
4 5
3 3
5 1
5 2
4 2
4 2
5 4
1 8
4 3
4 3
5 3
5 4
2 14
5 4
4 1
4 4
3 3
5 6
3 8
4 1
5 1
4 1
5 0
1 14
5 1
1 23
3 2
5 8
4 4
3 4
5 1
5 1
5 1
4 3
2 2
5 2
4 6
4 2
5 2
5 2
5 5
4 1
3 2
5 2
5 2
5 0
4 0
5 2
5 1
5 3
5 1
4 2
5 2
3 3
1 8
5 2
5 1
5 4
5 3
5 2
5 4
4 5
5 1
5 2
5 2
5 0
4 1
4 9
5 4
3 0
4 2
4 1
4 1
4 10
4 2
5 2
5 4
4 0
4 4
5 0
5 1
5 0
5 1
2 59
5 0
5 0
5 2
4 2
4 0
5 2
5 2
4 1
1 4
4 3
4 2
5 1
5 3
2 3
5 1
5 2
1 174
5 2
4 0
5 0
4 0
4 1
5 3
3 0
5 4
4 0
4 0
5 2
1 4
2 16
3 1
2 9
3 0
5 1
5 1
5 1
5 2
5 1
5 3
4 0
4 1
4 1
5 2
5 1
5 1
5 1
3 1
3 1
5 5
5 0
5 2
5 0
4 0
5 0
3 2
5 1
5 1
1 5
3 5
5 2
5 6
4 1
5 1
1 5
4 0
5 4
5 0
5 7
5 3
5 0
4 3
5 2
5 2
5 0
5 2
3 1
5 8
5 3
5 0
3 2
4 2
4 1
1 11
5 1
4 1
5 2
5 3
4 0
5 0
5 0
5 2
5 1
3 1
4 7
5 1
5 1
5 0
4 0
5 0
3 3
2 5
5 1
1 2
1 11
5 1
5 6
4 5
5 0
5 0
5 1
5 1
4 30
4 0
5 0
4 2
5 3
5 1
4 0
4 0
4 1
4 0
3 0
4 0
3 0
4 0
4 2
2 1
5 0
4 0
2 1
2 0
5 2
3 0
5 0
4 0
3 0
5 0
5 0
5 8
4 8
5 8
3 3
4 2
5 15
5 3
5 1
5 2
5 2
5 19
5 2
3 4
5 1
3 1
4 3
4 1
4 0
5 3
5 2
1 5
1 12
4 2
1 12
3 3
5 1
5 0
3 2
3 1
5 0
5 1
4 3
4 2
1 7
4 2
5 5
4 1
5 8
5 0
4 1
5 1
4 0
5 0
5 0
4 1
5 1
5 0
5 1
5 0
2 4
5 3
4 3
5 1
5 1
5 2
4 0
3 1
4 5
5 43
4 3
5 1
4 2
5 3
4 1
4 3
5 0
5 0
4 1
4 1
4 0
5 0
4 0
5 5
5 1
5 0
5 0
5 1
5 8
5 2
4 3
5 0
4 1
5 19
1 12
5 4
4 0
4 0
5 1
4 14
3 5
5 1
4 2
5 11
4 3
1 8
2 2
1 11
5 2
5 1
5 3
4 2
5 1
4 2
5 0
4 0
4 0
5 2
5 0
5 3
2 3
4 1
2 3
5 2
5 1
2 6
5 7
5 1
5 2
2 30
5 5
5 1
3 7
4 1
5 0
4 1
5 0
5 1
5 5
5 1
1 13
4 0
5 3
4 0
5 0
5 1
5 1
5 0
5 0
5 0
5 1
5 1
5 1
4 1
4 1
5 2
1 8
5 0
5 3
2 6
5 1
4 2
4 0
4 0
5 2
4 2
3 1
4 2
5 2
4 1
4 2
3 4
4 1
4 0
2 4
5 3
5 0
4 2
5 1
5 0
5 0
5 1
5 0
5 0
3 3
5 0
5 0
5 0
5 1
1 9
1 15
5 1
5 1
2 9
5 6
3 0
2 16
5 3
3 2
4 4
4 0
5 1
5 1
1 8
5 0
4 0
5 2
4 9
5 2
3 4
5 0
5 1
5 0
5 0
5 1
5 1
3 1
4 0
1 9
5 1
3 3
5 0
5 1
5 0
5 0
4 3
5 0
5 0
3 2
4 0
5 2
2 3
5 4
2 3
4 1
3 3
5 3
3 5
4 2
4 5
5 3
5 0
3 2
5 2
5 0
4 1
2 21
5 3
5 2
5 0
5 0
5 1
5 0
5 0
4 1
3 4
5 3
5 0
1 9
5 2
4 5
3 20
5 1
4 1
4 1
3 581
1 75
5 0
4 1
3 7
4 1
5 3
4 2
5 0
5 0
1 33
5 1
5 0
5 0
4 5
4 1
5 2
4 1
5 0
2 4
4 0
2 6
4 2
5 0
1 19
4 0
5 0
5 1
5 1
5 4
5 0
5 0
5 3
4 2
5 3
5 44
5 0
5 0
5 0
1 21
4 0
5 0
5 0
5 0
5 0
5 0
1 11
1 27
2 3
5 3
5 2
3 4
4 0
4 0
5 0
5 0
3 0
4 0
4 0
2 3
4 0
4 0
1 32
2 3
4 1
2 1
5 15
5 62
5 13
4 1
5 1
4 7
3 7
5 6
5 0
5 1
1 14
5 0
5 4
2 6
5 1
5 1
3 3
3 1
5 15
5 0
5 2
5 1
5 4
3 13
2 10
5 1
5 2
4 1
5 17
5 9
5 7
5 0
5 0
4 1
5 4
5 0
2 11
5 5
5 2
4 0
2 20
5 1
5 3
5 0
2 2
5 1
2 1
5 6
4 3
5 4
5 2
5 1
5 4
5 3
5 2
3 4
5 0
5 1
5 0
4 0
5 0
5 0
2 14
4 3
4 5
5 2
4 3
5 14
5 312
5 9
5 0
4 0
5 1
4 1
4 0
3 3
5 84
3 6
3 1
5 6
5 1
4 15
5 2
5 1
5 6
5 76
5 6
5 2
5 1
4 1
4 0
5 0
5 2
1 13
4 2
5 0
5 2
5 0
4 1
1 8
5 6
5 1
5 1
5 4
5 0
5 9
5 0
4 1
5 1
5 49
5 5
1 10
5 0
5 6
5 0
4 1
1 10
5 1
4 2
5 4
4 27
2 7
5 6
2 5
5 4
5 4
5 0
5 6
5 5
4 1
5 3
