1 20
1 23
5 2
5 2
4 3
5 3
1 21
1 15
1 11
5 7
3 5
1 16
5 5
5 3
5 6
5 5
5 2
4 1
5 3
5 6
5 11
1 15
5 4
5 5
2 18
1 26
3 5
1 16
3 6
5 10
5 1
5 3
3 8
1 23
5 11
1 20
1 33
5 23
5 9
5 5
5 2
5 2
5 3
4 1
1 17
1 7
1 93
4 2
4 3
1 77
5 5
1 6
3 11
5 2
1 97
4 3
1 24
5 4
2 16
1 82
5 2
5 3
2 23
3 5
5 4
5 10
5 4
1 32
4 1
1 45
1 30
3 5
5 3
2 62
5 2
1 56
1 17
1 14
1 38
1 37
1 26
2 48
3 8
5 5
1 27
5 9
2 13
2 8
3 4
4 5
4 2
1 15
1 5
3 18
5 2
3 7
4 1
1 16
5 2
2 13
2 15
1 20
4 3
5 5
1 17
4 3
5 8
5 2
1 4
1 24
5 2
4 5
4 6
5 3
4 6
1 10
1 6
5 4
2 14
1 24
5 4
5 15
1 13
5 6
5 7
1 33
2 14
4 23
5 5
5 9
1 18
1 24
1 22
3 7
1 13
1 6
5 4
1 11
5 14
1 25
1 14
5 6
1 23
1 34
2 16
1 26
4 7
1 21
5 4
5 5
5 10
1 37
1 25
5 16
1 25
5 8
5 12
4 4
1 59
1 59
5 20
5 11
3 14
1 42
5 7
5 12
1 54
5 13
5 8
4 12
1 57
2 10
4 10
1 41
5 4
5 8
4 5
5 3
2 14
2 8
5 5
4 9
5 12
1 20
5 7
5 4
1 17
1 30
5 5
5 14
4 2
5 8
5 7
2 24
3 13
1 29
5 8
1 39
1 19
5 4
5 8
3 18
2 26
5 10
5 5
5 3
1 25
5 4
5 16
3 8
3 6
3 12
2 18
5 4
2 14
1 108
3 36
5 8
5 12
1 37
1 29
3 24
5 7
4 2
5 4
5 4
5 8
1 25
5 5
4 6
5 4
5 4
1 23
5 6
4 2
2 14
1 38
5 14
1 25
5 2
4 7
5 7
5 4
2 13
5 9
5 4
5 4
5 4
5 4
5 3
1 47
5 5
5 3
4 11
5 9
5 8
5 3
5 3
5 6
5 3
5 11
5 5
5 9
5 8
4 2
2 14
5 5
4 3
1 202
5 2
5 4
2 16
5 2
5 8
5 5
5 9
5 6
2 21
2 47
2 21
4 9
4 8
5 12
5 10
1 47
5 15
5 5
3 13
1 111
3 15
4 2
5 8
2 33
5 4
5 8
1 54
5 4
1 43
5 2
4 1
4 1
3 17
5 3
4 2
5 5
2 23
5 2
3 4
5 18
5 13
5 4
2 18
5 4
5 4
5 24
5 8
5 9
2 12
5 7
5 5
5 7
5 6
5 5
5 31
1 21
1 19
1 26
5 5
5 27
5 1
4 8
5 28
5 3
5 20
1 14
1 21
2 19
1 28
5 29
2 20
5 18
5 5
1 16
5 4
5 5
5 37
5 42
2 16
5 4
5 41
5 19
5 45
5 2
5 3
5 2
5 2
5 13
5 2
5 72
5 32
4 42
5 44
5 49
4 4
4 54
2 30
5 4
5 59
5 62
5 64
5 49
5 4
5 61
5 61
2 21
5 2
5 8
5 4
5 58
5 6
5 60
5 2
4 6
1 45
1 25
1 27
1 12
2 8
3 50
5 5
1 17
5 6
2 20
5 4
5 83
5 108
4 0
5 5
4 0
5 111
1 43
5 94
5 72
4 9
5 41
3 10
5 2
1 24
5 4
5 2
4 14
5 3
5 2
4 2
5 85
5 1
5 2
1 38
3 21
3 0
5 7
1 14
5 100
5 183
5 3
4 7
2 25
3 5
1 4
4 0
4 1
2 22
5 2
3 5
5 46
4 4
5 9
5 4
3 13
5 10
5 4
5 4
5 132
5 27
5 1
5 2
5 1
1 12
5 148
5 117
1 25
5 3
5 3
2 17
1 16
2 13
3 5
1 16
4 1
4 2
3 1
5 33
3 3
1 21
5 4
5 42
5 4
1 18
5 3
5 11
1 14
5 4
4 6
5 2
2 43
5 5
4 4
5 13
5 6
2 36
3 7
1 24
5 6
5 3
1 24
4 1
5 3
1 112
1 51
3 3
2 13
1 17
3 2
2 18
5 3
5 6
4 8
5 2
4 4
1 19
4 0
2 29
5 322
1 17
5 1
4 5
5 4
4 3
4 1
2 9
1 10
1 26
5 3
5 4
5 4
5 6
5 19
5 6
5 8
4 1
4 13
5 0
5 1
5 0
5 0
5 0
5 1
5 8
5 7
5 9
4 3
5 3
1 27
3 2
5 8
4 9
5 8
5 12
5 6
5 7
5 8
1 39
4 6
5 219
2 14
3 3
5 13
5 8
5 6
1 32
5 6
2 29
4 0
5 2
1 24
5 6
4 691
5 7
5 7
5 7
3 4
1 108
5 12
2 5
2 29
5 13
1 21
5 9
1 113
5 5
3 2334
2 21
5 5
1 49
1 22
3 9
1 27
5 4
1 10
5 9
5 4
5 2
5 3
5 6
5 2
1 28
2 135
4 9
5 6
5 5
5 7
1 31
1 57
5 9
5 2
3 13
1 22
5 6
3 28
1 15
4 0
5 1
4 45
5 4
5 21
5 3
5 15
1 36
1 26
5 2
1 23
4 16
5 3
1 24
4 1
5 3
4 2
5 1
5 11
1 64
5 1
5 4
2 18
5 3
5 4
5 1
2 15
5 1
5 2
5 1
5 14
5 1
5 1
5 5
5 14
2 19
5 14
3 6
5 4
5 7
5 3
5 5
5 10
4 2
3 5
5 9
5 3
5 2
1 32
5 12
5 67
5 5
5 117
4 8
5 5
5 4
5 12
5 8
5 5
5 3
1 33
5 6
4 5
5 5
5 11
2 27
5 16
4 7
3 45
5 5
5 3
5 5
5 9
5 20
2 26
5 5
1 13
5 7
4 15
5 49
5 3
2 102
5 27
4 2
5 2
1 21
3 50
5 9
5 5
1 46
4 5
5 9
5 9
5 7
5 4
5 7
5 8
5 10
5 6
5 5
5 1
5 9
5 7
5 6
5 40
5 3
5 21
1 29
5 12
5 5
5 6
3 53
5 27
5 8
5 7
5 4
5 5
5 4
5 4
4 3
4 0
5 3
2 26
5 10
5 15
5 5
4 4
5 4
1 2
5 7
5 4
5 3
5 8
5 28
5 9
5 29
5 9
5 3
5 11
5 20
5 15
