4 5
5 3
4 3
1 15
1 10
2 5
3 0
5 12
4 2
1 8
2 3
1 5
5 2
4 0
1 3
2 1
1 3
4 5
2 8
5 3
4 2
1 18
2 3
5 3
5 1
2 5
5 1
4 2
5 1
4 2
3 15
1 7
4 0
4 3
1 18
5 4
5 11
1 4
4 0
5 4
5 16
3 9
4 3
5 1
4 11
1 4
3 0
5 0
5 0
5 0
5 0
2 8
5 16
5 0
3 0
5 2
1 8
5 7
1 31
1 18
1 7
3 6
4 3
5 4
2 21
4 3
4 2
3 4
2 2
1 9
2 9
2 2
4 2
5 2
1 2
3 1
5 3
5 0
3 2
5 5
1 10
4 1
2 2
4 0
5 4
4 2
5 0
4 1
5 11
2 4
5 0
5 2
5 2
2 22
5 8
4 8
1 8
1 7
4 0
1 16
4 1
4 3
3 1
1 8
4 1
2 3
5 1
3 2
5 1
2 2
4 1
4 0
4 4
3 12
3 9
3 1
4 1
5 2
5 0
1 1
1 5
4 3
5 1
5 0
1 3
1 11
5 9
5 3
5 4
4 2
5 1
4 1
3 6
1 13
3 4
4 3
2 9
3 6
5 1
5 0
4 1
2 7
5 6
5 3
2 10
1 11
4 2
4 2
2 14
4 2
4 6
5 2
5 2
1 10
5 1
3 8
4 1
1 16
2 20
5 1
5 2
1 6
4 0
4 2
5 1
1 8
3 1
3 2
4 3
4 3
4 0
5 1
4 2
5 3
4 9
1 7
4 2
5 1
1 0
5 3
1 8
5 0
5 9
5 17
2 11
5 2
2 9
5 10
5 6
1 12
4 2
5 4
4 0
4 0
4 1
3 9
5 4
2 2
2 3
1 7
1 0
1 6
4 4
1 7
4 4
1 16
2 11
1 15
5 1
5 2
4 6
4 3
5 4
4 4
5 2
1 16
3 8
2 10
4 2
3 0
1 11
4 5
3 7
5 5
4 4
2 17
1 18
4 3
4 2
4 2
4 1
2 6
2 0
2 0
3 1
3 5
2 2
4 7
4 0
5 2
3 0
4 2
3 8
3 4
4 3
4 6
2 10
5 3
1 13
2 22
1 21
1 20
4 3
4 1
3 1
5 3
2 4
2 4
5 1
5 4
1 14
2 6
3 8
5 3
4 1
1 12
1 18
4 11
1 19
5 4
4 2
1 15
3 10
3 0
4 6
2 0
3 1
3 2
3 15
4 0
2 2
4 0
4 11
4 3
5 2
1 16
4 2
5 0
4 1
5 1
1 15
3 13
5 0
4 4
4 1
4 6
4 1
1 28
4 4
1 8
4 0
3 13
4 2
4 0
2 3
5 1
3 2
2 3
4 2
1 10
3 1
3 0
2 3
4 0
4 0
4 9
5 10
5 5
1 12
3 9
3 1
2 0
4 4
1 7
4 5
1 11
4 5
4 2
4 2
5 3
3 4
3 16
5 1
5 1
3 3
4 1
5 8
4 4
4 2
3 21
4 1
3 5
4 0
2 6
5 0
3 1
4 0
2 21
1 44
5 0
1 2
5 2
4 3
2 10
4 2
5 0
3 1
1 8
3 14
2 1
4 13
5 1
4 0
1 7
2 15
3 0
3 1
3 0
3 6
3 1
5 1
5 1
2 4
1 16
1 10
3 4
2 5
4 4
3 1
4 0
2 7
5 1
5 3
4 2
3 4
2 2
1 20
5 2
1 9
4 4
5 3
4 1
4 5
2 2
3 0
2 1
5 4
4 0
1 11
4 4
4 3
4 4
1 6
5 1
5 0
3 12
5 0
5 0
5 1
3 5
1 7
2 5
4 1
1 6
5 0
4 1
4 0
5 1
2 4
5 1
2 18
1 17
3 16
2 17
1 4
1 5
2 16
4 10
5 7
4 0
1 4
4 0
5 0
3 0
1 1
5 0
4 6
4 0
5 0
5 1
5 0
4 0
2 0
4 0
2 29
5 0
2 3
5 9
3 2
2 2
5 4
5 4
5 0
2 1
4 4
4 3
4 1
5 1
4 2
1 3
4 3
2 10
5 1
2 3
5 11
1 10
4 0
3 0
1 4
2 3
1 1
5 3
3 16
3 3
5 2
1 8
2 8
4 1
1 8
4 2
3 0
1 11
2 11
3 0
4 0
1 5
1 1
1 1
1 16
3 10
2 52
2 3
4 2
4 3
2 4
1 17
5 2
1 3
4 0
4 5
1 3
2 4
3 16
1 5
5 2
2 9
4 2
1 6
5 3
1 7
4 4
5 0
4 1
1 14
2 1
1 33
2 0
1 190
5 14
4 3
3 3
5 11
4 1
4 0
5 11
2 3
3 0
2 3
3 0
4 2
2 1
3 7
4 8
5 2
1 0
4 1
1 18
1 0
5 2
3 2
2 0
2 8
4 0
4 0
5 10
4 0
4 1
5 0
4 0
3 1
4 0
2 2
2 6
4 0
1 24
5 22
5 1
3 4
3 1
1 13
3 16
5 2
5 3
4 1
1 3
5 0
3 1
2 4
4 0
5 1
5 0
1 3
5 1
2 2
4 1
1 11
3 1
4 1
3 86
5 0
4 0
5 8
4 0
2 3
1 5
4 1
4 17
2 7
2 4
1 5
1 9
2 3
1 12
5 1
4 3
4 2
5 0
5 2
1 3
5 3
3 8
1 4
3 1
3 0
1 6
1 3
5 0
3 0
3 1
1 0
5 1
4 2
4 4
3 1
5 0
3 0
4 0
2 0
1 1
1 2
2 0
5 2
5 0
3 0
2 3
5 0
2 0
2 9
3 2
2 0
4 5
3 3
3 44
1 4
2 2
4 0
5 32
4 0
5 2
4 0
2 12
3 17
3 5
5 1
4 2
4 1
4 4
3 6
4 0
1 0
4 5
2 8
1 7
2 176
4 0
5 0
3 9
4 0
5 5
3 3
1 5
2 12
4 0
1 5
4 0
1 5
3 0
5 1
4 1
5 3
4 0
2 29
3 0
4 5
4 1
5 6
4 6
5 4
5 4
2 1
5 23
5 2
1 13
3 83
4 10
1 11
3 2
5 1
5 4
3 11
4 4
2 14
1 2
4 1
3 7
4 1
3 1
4 0
5 4
5 0
4 0
5 0
5 35
1 4
5 0
2 7
4 0
3 6
2 3
5 8
3 0
4 0
5 1
2 2
2 6
5 6
3 3
5 0
3 2
4 5
1 3
5 1
2 6
2 1
4 5
5 0
3 2
2 0
5 6
3 3
3 3
2 9
2 0
3 17
5 0
3 2
3 4
2 29
3 0
4 175
4 1
5 0
4 0
4 0
5 14
2 0
3 6
4 3
4 11
1 21
3 1
4 10
2 2
5 1
4 0
3 0
3 8
5 24
4 0
5 0
4 6
4 0
3 2
4 2
4 2
3 9
3 10
5 2
4 1
4 0
5 0
5 12
4 32
1 4
2 1
2 6
5 1
3 13
5 6
4 13
5 0
5 2
5 0
2 0
5 0
5 5
3 13
5 16
5 1
5 2
4 4
5 3
5 2
4 8
5 3
5 2
4 2
3 5
3 2
3 9
5 4
1 45
4 6
5 4
3 1
5 23
3 27
5 2
4 50
2 160
4 124
