5 2
5 7
1 13
5 0
5 0
5 0
3 4
5 1
5 2
4 2
5 0
5 3
5 5
5 3
5 1
4 1
4 3
5 3
1 9
5 3
5 3
5 5
5 0
5 1
5 0
5 0
5 0
5 0
5 2
5 2
5 7
5 2
2 3
5 4
5 2
5 3
4 4
5 1
4 2
4 4
3 3
1 19
5 3
5 1
5 6
5 2
4 2
5 2
4 0
5 1
5 0
5 0
2 19
5 3
5 4
1 28
1 24
5 1
5 0
5 1
5 4
1 22
1 15
5 1
2 8
5 1
5 4
5 6
5 2
5 6
5 6
5 1
4 9
1 18
5 5
5 2
2 8
5 2
4 0
3 6
5 3
5 1
2 11
5 5
5 3
2 9
5 5
5 5
5 7
2 13
1 13
5 5
4 4
5 0
5 1
4 1
4 1
5 4
5 1
2 16
2 10
5 3
5 3
5 1
1 21
5 1
4 2
5 0
5 1
5 1
5 1
5 3
4 2
5 1
4 2
3 3
4 6
5 4
5 8
5 2
3 2
5 3
3 25
5 1
5 11
2 22
1 12
5 0
5 3
2 1
5 1
4 0
4 1
5 1
5 0
5 2
4 2
5 0
4 9
5 4
5 9
5 10
5 2
1 14
5 34
3 1
5 8
2 8
5 11
1 19
4 4
2 11
5 3
1 110
5 1
5 2
5 1
4 2
5 6
5 8
3 2
2 8
4 32
5 2
3 24
5 1
5 2
2 3
5 0
5 0
5 0
5 1
5 0
5 1
5 0
3 0
4 2
5 0
5 0
1 23
5 0
3 4
3 10
5 1
5 0
4 1
5 2
5 0
3 3
3 4
5 0
1 9
5 13
5 0
1 8
5 0
5 0
4 5
1 10
5 1
2 6
5 3
4 3
5 1
5 0
5 0
4 0
5 1
5 4
5 0
5 0
5 1
2 5
5 0
2 14
5 0
5 1
5 1
2 3
5 5
1 9
2 11
5 22
4 5
4 18
4 4
5 2
5 4
5 2
5 0
5 1
5 2
5 1
4 6
5 8
3 2
4 0
2 10
5 0
4 0
5 1
1 14
5 1
5 1
3 0
1 28
4 1
5 0
2 0
4 7
5 2
1 12
4 0
5 4
5 0
4 0
5 0
5 2
4 0
5 2
4 4
5 0
5 0
5 0
5 0
4 0
4 0
5 2
1 18
5 2
5 0
5 2
5 0
4 7
5 2
5 0
4 0
5 1
5 2
5 2
5 0
5 2
3 1
5 0
3 5
5 0
5 3
5 0
4 3
5 1
5 0
5 0
4 2
4 2
5 1
5 1
5 1
2 14
2 5
5 1
5 6
5 1
4 1
4 3
5 2
4 2
5 3
4 0
4 3
5 1
5 0
2 6
5 0
3 10
1 17
5 0
4 2
4 0
5 4
5 4
5 1
5 1
4 1
1 26
3 6
5 3
5 2
1 13
3 3
5 3
5 1
5 4
1 21
5 0
5 3
4 0
3 21
5 4
4 6
1 17
4 6
5 8
4 0
3 0
4 1
1 23
3 0
5 2
1 14
5 2
4 8
5 2
5 9
4 0
5 0
5 0
5 1
3 3
3 3
4 0
1 21
5 2
5 3
4 2
5 0
5 5
5 1
1 12
2 6
3 10
5 0
5 10
5 0
5 1
5 0
5 1
3 2
4 1
5 0
5 0
4 1
4 0
5 2
5 0
5 3
5 1
5 0
1 13
5 7
2 6
5 0
5 3
5 0
4 1
4 0
5 2
5 1
5 0
5 0
5 3
5 0
2 5
5 10
5 2
5 4
5 1
5 26
5 0
1 6
5 1
4 3
1 13
5 0
4 7
2 14
3 9
1 23
4 29
5 12
5 1
2 7
5 3
1 10
5 0
4 2
3 7
5 1
3 2
5 0
5 0
5 1
5 6
5 2
5 0
5 1
5 0
5 0
5 7
5 0
5 1
3 3
3 78
5 4
5 13
5 1
4 6
1 9
2 7
3 9
4 4
5 1
4 5
5 4
5 0
4 1
5 9
5 3
5 3
5 14
2 8
5 8
4 9
4 5
5 2
5 3
5 4
5 3
4 3
2 6
1 18
5 2
4 10
1 12
5 1
5 2
4 3
5 3
5 0
5 0
4 1
5 1
2 5
5 0
1 11
4 12
5 15
4 1
5 6
4 4
4 10
1 13
5 1
3 9
1 6
4 12
4 1
5 0
1 7
5 20
3 2
5 13
1 6
5 2
5 13
1 10
5 5
4 7
5 3
5 3
2 1
1 8
1 9
5 1
4 3
5 1
2 2
1 8
4 3
5 6
5 1
5 0
4 6
1 6
4 4
5 4
5 9
5 0
5 6
5 6
5 26
5 2
5 1
5 1
1 9
3 6
5 1
5 0
5 3
5 1
5 3
5 1
5 1
4 7
5 1
4 3
5 3
5 5
4 1
5 2
5 3
5 0
5 2
1 7
5 4
4 11
5 3
5 0
4 10
5 0
5 4
5 2
5 8
4 0
5 4
4 0
5 1
5 6
5 4
3 8
5 4
5 0
4 1
5 7
5 11
3 3
4 20
2 5
5 5
5 1
5 10
5 3
5 0
5 1
5 3
5 0
4 4
2 17
5 7
3 4
2 8
5 14
1 9
3 1
1 11
5 0
5 1
1 11
5 17
4 4
1 3
5 1
2 13
5 8
4 1
5 0
5 5
5 1
3 2
5 0
5 2
5 9
5 12
5 0
5 2
5 2
2 1
5 16
4 0
5 19
1 4
4 2
4 4
5 0
5 7
5 0
5 0
1 10
5 7
5 1
4 3
5 14
5 0
2 13
5 1
5 0
4 1
1 7
5 1
5 1
4 1
4 0
5 0
5 0
5 0
2 3
5 1
1 6
5 2
5 7
5 6
4 1
1 7
5 3
5 0
5 1
5 3
5 2
3 2
4 1
5 4
5 3
5 0
5 0
5 0
5 0
2 8
5 3
1 29
4 3
5 1
4 1
5 7
5 3
5 9
4 0
5 7
5 3
5 2
5 3
5 1
5 0
5 1
5 0
5 0
5 3
5 0
5 4
4 4
5 5
1 15
5 1
5 9
5 3
3 43
5 14
5 10
4 2
1 10
5 1
4 3
5 4
4 10
5 3
5 2
5 3
5 2
5 2
4 3
4 2
4 5
5 2
5 1
5 1
1 11
3 1
4 4
4 4
5 4
4 8
5 25
5 4
5 0
5 2
5 0
5 51
4 0
4 0
5 5
5 10
5 8
3 8
1 38
5 4
5 2
5 29
4 6
3 38
3 4
5 4
2 2
4 4
5 19
3 6
2 16
5 11
5 2
5 7
2 6
5 10
5 2
1 13
5 2
5 1
4 1
4 6
5 1
5 2
5 1
5 8
5 1
5 11
5 7
5 18
4 3
2 9
5 2
5 5
4 8
4 3
1 21
5 1
5 3
5 0
5 6
5 8
4 1
2 3
5 7
5 8
1 22
3 23
5 6
5 8
2 4
5 5
5 0
3 0
4 2
5 1
5 1
5 3
4 3
5 5
5 6
5 6
2 8
5 15
5 6
5 1
3 1
5 2
5 5
5 11
5 1
3 18
5 6
5 1
5 1
5 1
5 1
1 25
5 3
3 2
5 13
5 1
5 0
1 22
5 4
5 5
5 4
5 0
5 29
5 14
5 11
5 3
5 0
4 16
5 0
5 0
5 1
3 2
5 4
4 13
5 2
5 2
5 27
5 11
4 22
5 11
4 12
5 2
5 9
5 27
5 160
5 4
5 5
5 8
5 13
4 8
5 20
5 26
5 3
5 6
4 1
5 12
5 3
2 0
3 2
5 4
5 14
5 50
4 11
5 22
5 4
2 7
3 3
5 13
5 3
4 3
5 2
5 8
5 5
5 6
4 10
4 7
5 1
4 4
5 12
5 5
4 12
5 1
1 26
5 3
5 1
2 9
5 2
3 13
4 7
4 0
5 0
5 0
5 1
5 0
5 4
5 1
5 29
5 2
5 3
5 3
5 5
5 3
5 0
5 1
2 0
4 8
5 1
2 87
5 1
5 2
5 7
5 366
5 5
2 9
5 7
5 8
5 17
4 0
4 48
4 0
2 0
5 14
5 8
5 9
4 8
2 3
5 137
5 14
5 7
5 8
5 4
5 4
5 27
5 12
2 39
5 6
5 14
5 8
5 2
5 4
4 7
5 6
4 3
5 7
3 145
5 5
4 12
5 8
5 4
3 7
5 403
5 10
4 1
5 12
1 19
1 19
5 9
5 7
5 14
5 10
5 30
5 1
4 1
2 5
5 5
5 4
