2 5
1 3
2 6
1 6
4 3
3 2
5 2
5 1
3 1
4 0
3 0
5 1
2 2
5 1
3 0
5 0
5 1
5 0
4 0
5 0
5 0
5 0
5 1
5 0
5 0
4 1
4 0
4 0
5 2
1 5
4 0
5 0
3 1
5 0
4 0
2 1
5 2
5 1
3 0
3 2
5 0
5 0
4 1
5 1
4 3
4 1
3 1
4 3
4 0
4 2
5 3
4 1
5 1
4 5
4 7
3 1
1 5
1 4
5 2
3 1
1 5
3 1
2 2
1 9
4 1
4 3
5 2
2 1
5 2
1 4
5 0
5 1
2 2
2 0
5 2
3 1
5 2
1 5
4 2
4 1
4 4
3 2
5 2
3 2
3 1
5 2
5 3
1 2
5 1
1 3
2 2
3 1
4 0
2 2
2 0
5 0
5 2
3 5
1 3
4 1
4 1
5 4
3 0
5 0
2 0
2 0
1 6
3 2
1 6
4 1
2 2
4 4
1 3
4 5
4 0
5 1
4 1
4 4
5 1
5 4
5 0
5 1
5 4
3 2
3 1
2 1
5 3
3 1
5 0
5 0
4 0
5 1
2 1
4 1
5 2
4 1
5 7
4 0
4 1
2 3
4 0
4 2
5 2
3 2
5 1
4 0
4 7
4 0
4 1
5 0
4 0
2 1
2 1
4 0
1 1
4 0
4 0
2 1
2 0
1 2
3 1
2 1
4 1
5 2
2 1
5 0
4 1
5 1
5 0
5 0
2 2
5 1
4 0
3 1
5 5
1 7
1 7
5 0
5 0
5 3
5 0
5 9
4 1
5 1
5 1
2 1
5 3
5 0
4 0
5 0
4 0
4 0
5 0
2 1
3 0
1 2
3 2
3 0
2 1
5 4
5 0
2 0
3 2
4 0
4 0
3 8
4 0
3 0
5 0
3 0
3 0
1 1
2 1
5 0
4 2
4 1
5 1
3 1
5 0
4 0
5 0
5 0
4 1
3 2
1 2
2 1
5 2
5 0
1 5
1 7
5 2
1 4
5 1
1 1
5 1
3 0
3 1
4 0
3 1
5 7
2 1
5 2
5 2
1 4
3 2
4 1
4 2
4 0
1 2
3 1
1 5
4 1
4 2
2 2
2 1
5 0
5 1
3 0
4 1
3 0
4 0
4 0
4 1
4 1
4 1
3 0
2 1
5 1
2 1
5 1
2 1
4 0
5 0
4 0
4 1
2 1
4 3
5 0
1 4
2 1
4 0
4 0
3 1
2 2
5 2
1 2
2 7
1 3
2 1
4 1
3 1
2 1
3 2
4 2
4 0
4 3
1 5
4 0
5 0
5 2
2 1
4 4
4 0
5 2
2 1
5 2
1 2
4 0
5 0
4 0
1 1
4 0
5 2
5 1
4 1
1 2
4 0
2 1
3 5
2 1
2 1
3 1
4 0
4 0
2 1
5 0
4 0
5 0
3 1
4 0
5 1
5 2
3 3
2 1
1 3
2 1
1 1
5 0
2 0
4 2
3 5
3 1
2 6
4 0
1 1
3 8
1 6
3 0
1 4
2 1
4 3
5 0
4 0
5 1
2 3
4 0
5 1
4 1
5 0
4 0
1 3
4 0
3 4
5 0
3 3
1 4
4 2
5 1
1 2
3 0
2 1
1 1
1 11
1 4
5 1
4 4
5 0
2 6
3 3
4 3
4 1
2 1
2 1
2 1
2 8
2 1
5 1
4 0
5 1
3 4
5 2
2 1
1 2
5 1
4 1
5 1
5 1
5 1
5 1
5 2
4 1
5 1
4 0
3 1
5 3
3 1
5 1
5 7
3 0
4 0
5 0
1 4
1 8
1 5
4 2
4 3
1 8
2 3
5 6
4 1
5 0
4 0
4 3
4 2
5 0
3 1
4 11
4 0
3 1
3 2
1 3
5 0
4 0
5 1
5 0
5 1
4 0
4 6
4 1
4 0
5 0
4 0
1 28
5 0
4 1
5 1
5 0
2 0
5 1
2 0
4 0
4 0
4 1
4 3
5 1
4 8
1 3
5 1
5 0
4 0
4 0
5 1
5 1
5 4
5 3
3 0
4 0
5 0
5 0
4 1
5 1
5 0
3 6
2 3
2 1
5 0
5 0
3 2
3 5
2 1
2 2
3 1
4 2
4 0
4 1
3 6
4 0
4 2
1 4
2 2
4 1
4 0
2 2
4 4
5 1
3 10
5 3
5 2
2 3
4 1
4 1
5 1
4 4
5 2
5 0
4 1
1 5
5 0
1 8
5 5
4 5
5 2
3 0
3 5
4 1
4 1
4 0
3 1
5 1
4 1
4 5
5 0
2 3
1 5
5 0
4 2
5 2
4 0
5 0
5 12
5 0
5 1
4 3
5 2
5 1
4 0
5 0
3 0
2 4
5 6
5 0
5 0
5 0
5 0
5 2
4 0
5 0
4 0
4 1
3 3
4 0
5 0
5 2
5 4
5 0
2 3
4 0
4 0
3 0
4 3
3 0
3 2
4 0
4 1
3 1
4 0
4 0
2 2
4 1
3 11
1 1
1 4
5 0
2 3
5 2
5 2
3 2
2 3
1 6
5 0
2 3
5 0
1 24
5 0
5 0
4 0
2 5
5 0
3 11
5 0
3 0
2 2
4 1
3 1
5 0
5 1
3 5
4 0
4 8
2 0
3 0
4 1
4 0
4 1
4 32
1 9
4 2
3 1
2 1
5 3
5 3
5 0
1 2
4 0
1 3
4 1
3 5
2 7
1 7
4 0
4 2
5 1
1 13
3 1
4 0
5 1
5 0
5 5
5 1
1 12
5 1
1 3
1 9
5 0
2 2
4 2
5 0
1 8
5 99
5 1
3 1
5 0
3 1
4 0
5 4
4 7
3 0
5 3
4 4
1 13
4 3
5 1
5 2
4 4
3 31
1 13
2 5
3 0
4 4
4 0
5 0
4 0
5 1
5 2
2 1
4 4
5 0
3 2
5 5
5 0
3 5
5 1
5 0
3 0
4 0
2 2
4 0
4 0
4 0
5 0
3 0
5 1
4 2
3 2
5 2
4 4
3 10
4 17
5 0
5 0
3 5
4 1
5 2
5 4
3 0
5 1
5 0
5 2
4 1
5 1
5 0
4 4
5 6
5 4
5 3
4 1
5 0
5 0
5 4
4 0
5 1
5 0
5 0
3 1
5 0
1 3
4 1
5 2
5 0
2 0
2 24
4 5
3 0
4 2
5 0
5 3
4 3
5 2
1 3
4 1
5 17
1 4
1 9
2 2
1 5
4 3
1 5
5 1
3 4
3 2
5 1
1 7
4 1
5 1
5 2
5 3
5 6
3 5
5 1
5 5
5 1
5 2
4 1
4 0
5 2
5 1
4 2
5 1
5 1
4 4
5 1
5 0
5 0
2 18
1 6
4 0
5 0
2 2
1 5
1 12
4 3
1 38
5 24
5 13
5 36
1 9
5 5
5 6
2 13
4 4
4 12
5 5
4 1
5 0
5 3
5 1
5 10
5 7
5 3
2 18
5 3
3 6
4 1
4 67
5 1
5 5
5 4
5 3
5 10
1 13
5 8
5 926
5 7
5 18
5 9
5 4
