1 37
1 11
1 31
5 2
1 46
1 62
1 112
1 45
2 13
1 17
1 41
1 22
3 9
1 55
2 11
2 18
1 22
1 23
1 24
4 4
1 20
1 53
1 1600
5 12
5 13
1 16
1 48
1 43
1 23
1 19
1 33
1 17
1 47
1 10
1 12
1 15
1 43
5 6
1 6
1 16
1 3
1 3
1 28
2 15
1 27
3 2
5 18
1 11
2 9
1 3
1 10
1 13
1 7
1 5
1 7
1 9
1 12
4 6
2 5
1 9
5 50
1 8
1 24
5 5
2 8
1 6
1 9
1 10
1 6
3 1
1 17
4 0
5 4
1 5
1 10
1 5
5 8
1 15
1 5
1 6
1 3
4 2
1 2
1 1
2 7
5 5
1 14
1 7
5 6
4 3
1 11
4 6
1 28
3 3
1 15
1 5
5 5
5 8
1 9
1 7
3 5
2 3
1 4
5 3
1 13
1 12
1 5
4 4
3 4
1 5
1 14
1 1
1 4
5 5
1 3
1 7
1 22
1 8
1 9
1 5
2 2
2 2
1 7
2 1
2 3
1 25
2 10
4 4
5 9
1 10
1 7
1 8
2 5
5 9
1 8
4 2
3 2
1 23
1 12
1 1
1 30
3 5
1 13
1 33
3 2
1 29
4 1
1 11
1 3
1 133
5 10
1 8
1 8
1 4
1 11
1 3
2 1
3 5
1 2
4 4
1 5
3 0
1 1
3 1
4 2
1 3
1 14
1 25
2 10
1 5
5 3
1 12
3 1
5 4
4 4
1 7
1 12
1 7
1 4
3 1
1 39
1 2
1 1
1 8
3 1
1 93
2 1
1 2
1 8
1 3
1 6
3 1
1 6
5 3
1 4
1 6
1 8
3 0
1 6
5 4
1 19
5 5
3 0
1 16
3 0
3 1
1 5
4 6
1 19
1 6
1 1
1 5
1 7
1 131
1 24
1 12
2 14
1 4
4 3
1 28
1 10
1 6
2 3
2 3
4 1
1 6
5 5
1 6
3 2
1 6
1 2
1 8
1 5
1 3
1 3
1 4
1 5
1 2
1 7
3 0
1 3
1 1
1 2
1 2
5 8
3 2
4 0
1 6
1 5
1 1
1 1
1 1
1 4
1 0
1 2
3 1
1 1
3 1
5 27
1 1
1 1
1 1
1 1
1 0
1 2
1 1
2 0
1 5
1 20
1 11
1 4
4 2
1 6
1 9
3 2
3 1
1 25
1 18
1 8
1 4
1 9
1 5
1 2
1 5
1 15
1 6
1 5
1 22
4 6
1 9
2 2
1 9
3 3
1 8
1 8
1 5
1 3
1 11
1 4
1 2
1 1
5 4
5 3
2 4
1 7
1 18
1 5
1 7
1 12
1 16
1 9
1 5
1 9
1 6
2 4
5 3
1 11
1 5
1 13
2 7
2 4
1 9
3 1
1 11
3 2
1 3
1 5
1 2
1 10
1 4
4 0
4 1
1 2
1 4
1 3
4 2
1 6
1 4
1 6
1 8
1 3
1 8
5 5
1 5
1 20
2 1
1 8
2 0
1 7
1 10
4 2
5 12
1 5
1 8
1 6
1 3
1 63
1 20
3 36
1 22
1 110
1 28
1 78
1 8
1 42
4 0
1 8
1 7
5 3
1 5
1 16
1 21
3 6
1 11
1 13
3 2
1 7
2 1
1 12
2 8
1 19
2 68
1 12
1 7
2 81
1 17
2 1
1 9
1 5
4 2
1 11
1 15
2 1
1 28
1 22
1 5
1 12
1 10
5 5
1 20
2 1
2 5
1 4
2 32
1 23
1 9
1 4
1 1
1 2
1 2
1 3
1 4
1 1
1 65
1 0
5 2
1 0
5 2
1 5
1 20
1 5
1 41
2 3
1 6
1 8
1 15
1 5
1 9
1 14
1 4
1 9
1 10
1 3
1 5
1 4
1 2
1 4
1 7
5 2
1 1
1 1
1 2
1 2
1 3
1 9
1 11
1 10
1 5
1 8
1 6
1 6
1 7
1 34
1 7
1 5
2 7
1 6
1 5
1 11
1 2
1 13
1 3
1 8
3 5
1 10
1 9
1 10
2 1
2 3
5 3
2 5
2 5
1 9
1 13
1 1
1 11
1 5
1 6
1 6
1 5
5 8
1 5
1 5
2 2
1 6
1 4
5 5
1 2
1 12
1 2
1 6
1 15
2 2
2 2
1 4
2 2
2 0
1 0
1 6
1 3
3 0
1 7
1 2
1 7
2 6
2 4
1 9
2 4
5 9
2 3
1 4
2 4
1 4
1 4
1 9
1 3
1 15
1 7
1 4
3 0
1 0
3 6
1 0
1 9
1 5
1 5
1 4
2 3
1 14
1 6
1 4
1 3
1 12
1 2
1 2
3 4
1 28
1 5
1 6
1 8
1 4
1 6
1 5
1 3
1 6
1 0
4 3
1 3
4 2
1 28
1 6
1 5
3 3
1 4
1 14
1 12
1 12
1 19
2 10
1 5
4 1
2 2
2 3
1 15
3 2
1 7
1 3
1 6
2 4
2 2
1 13
1 4
3 1
1 6
2 4
3 0
2 2
1 13
3 2
1 14
5 8
1 6
5 4
1 7
1 13
1 16
1 12
2 8
4 4
2 6
3 4
1 8
3 0
1 11
1 0
2 4
5 6
4 4
3 1
2 4
1 8
1 6
3 1
3 2
1 5
1 19
1 8
2 5
1 10
2 3
1 4
2 18
1 6
1 4
1 6
1 6
1 9
1 4
1 1
1 5
1 4
1 5
1 12
4 0
1 6
1 2
2 2
1 1
1 8
3 1
5 2
1 3
1 8
3 0
1 24
1 2
1 8
2 3
5 3
1 6
1 1
2 0
1 0
1 3
1 2
1 11
1 8
1 0
1 3
1 1
1 4
1 1
1 1
1 1
1 4
2 2
1 3
1 2
3 0
1 3
4 1
4 1
1 1
1 1
1 5
1 4
5 7
1 11
2 1
3 0
2 4
1 0
1 22
2 1
4 5
1 8
2 1
2 3
1 9
1 12
2 9
1 5
2 15
1 6
1 5
4 3
1 13
1 7
3 2
1 3
1 3
2 6
1 5
1 3
1 6
2 7
3 0
2 9
2 6
1 3
1 0
1 8
1 3
1 4
1 5
1 4
3 0
1 5
2 2
1 3
1 4
1 3
1 5
1 5
1 3
1 8
1 12
1 0
1 1
5 2
3 1
1 4
1 3
1 1
1 1
1 4
1 1
4 1
1 1
1 1
1 1
1 2
1 1
1 1
1 0
2 6
1 1
1 1
1 2
1 3
1 3
1 1
1 1
1 3
2 0
1 10
1 8
1 1
3 0
1 6
1 4
2 0
1 2
1 0
1 1
1 2
4 0
1 7
3 0
1 3
1 7
1 3
5 1
2 1
1 1
1 6
4 1
1 5
1 3
3 0
3 0
2 1
3 0
2 2
1 7
1 3
1 23
1 5
1 2
1 3
3 14
1 2
1 3
2 1
1 5
2 3
2 1
3 3
1 9
1 2
1 3
1 11
1 12
1 7
5 3
3 1
2 7
1 24
2 9
1 3
1 5
1 4
1 11
3 1
1 21
1 4
3 1
1 2
4 1
1 8
3 2
1 5
3 0
1 6
2 7
3 2
1 5
2 2
1 4
1 47
1 5
1 2
5 1
1 37
1 11
1 2
2 2
1 3
1 21
1 3
1 4
2 1
1 5
1 3
1 2
1 1
1 7
1 58
1 4
1 5
2 8
1 3
1 5
5 3
1 3
1 4
1 3
1 2
2 2
4 2
1 7
1 5
1 2
2 2
2 0
1 5
5 0
1 5
1 9
1 2
2 1
1 6
1 3
1 3
2 1
1 4
1 1
3 0
1 2
1 1
2 2
2 3
1 43
2 2
1 73
1 6
4 0
1 2
1 4
1 4
2 3
1 1
1 4
1 2
1 4
1 8
1 2
1 1
2 2
1 1
3 0
1 5
1 28
2 3
1 2
3 0
4 2
1 3
1 2
2 1
2 1
1 18
1 8
1 7
2 7
1 0
5 2
1 8
1 4
2 0
1 1
3 2
2 3
1 2
3 2
1 12
2 20
3 4
3 1
2 6
1 8
1 3
3 1
4 3
1 1
1 1
5 4
2 3
1 7
1 7
1 4
1 4
1 8
2 1
3 0
1 4
5 10
1 0
1 5
2 4
1 4
1 6
1 4
1 5
1 5
2 2
1 4
2 2
1 5
3 0
4 2
2 2
5 5
1 6
3 0
2 0
1 4
1 5
1 3
1 3
1 11
3 0
1 4
1 2
3 0
4 2
2 2
2 2
1 3
4 4
1 2
1 2
1 6
4 0
1 2
1 2
1 4
1 4
1 13
1 3
1 4
1 2
1 3
2 0
1 2
1 3
1 2
1 3
3 0
1 5
1 1
1 1
1 5
2 0
1 2
1 206
1 1
1 2
1 3
1 2
5 1
1 2
1 2
1 3
1 1
1 2
2 1
2 3
1 5
1 2
1 2
1 4
3 0
5 3
3 0
1 1
1 2
3 0
1 0
2 1
3 0
2 1
1 0
1 0
1 1
2 1
1 0
1 1
1 0
1 1
1 1
1 1
2 0
1 2
5 6
1 0
1 1
1 1
1 0
1 0
2 0
2 0
3 0
1 2
2 0
1 1
1 2
1 0
2 0
1 3
5 17
1 1
3 0
2 1
1 3
1 0
3 3
1 0
1 1
1 1
2 10
1 1
5 5
4 0
1 0
1 3
1 1
1 1
1 0
1 0
1 4
1 0
1 0
2 0
1 2
1 0
1 2
1 2
1 1
1 2
1 0
2 0
1 74
1 65
4 0
2 2
1 1
2 1
2 1
2 1
1 2
1 21
1 2
1 1
1 2
1 1
3 0
1 8
1 17
2 13
1 13
4 10
3 0
1 2
2 5
1 5
1 24
3 0
5 7
3 8
3 11
1 12
1 21
2 3
2 31
1 3
2 8
1 3
1 2
1 18
1 1
1 5
1 2
1 8
1 1
1 7
1 7
1 0
2 1
1 5
2 2
1 0
1 3
1 1
2 3
3 1
2 3
2 4
1 1
1 1
3 0
3 1
1 0
1 1
3 3
2 3
1 13
4 1
3 0
1 0
2 9
3 3
1 1
5 5
2 0
3 2
1 0
2 3
1 7
2 1
2 3
1 1
1 22
1 2
4 3
1 2
1 3
1 1
2 2
1 1
2 1
1 1
1 4
1 5
1 3
1 10
4 0
2 0
3 6
1 3
1 10
3 10
2 2
2 6
4 4
4 1
1 4
1 9
1 5
2 7
1 3
1 5
1 10
1 18
2 1
1 0
2 2
3 0
1 65
1 0
1 6
2 4
1 12
3 0
1 11
3 1
1 4
1 1
1 4
1 21
1 4
1 4
4 1
1 6
2 1
2 2
1 5
1 3
2 4
1 2
1 4
1 37
2 0
2 0
1 7
2 1
1 4
1 29
1 2
1 1
1 1
1 3
1 1
5 2
1 2
2 2
1 5
2 6
1 9
2 1
1 5
3 0
1 1
1 4
1 3
1 3
1 3
2 15
2 1
1 3
3 2
1 1
1 0
4 2
1 5
1 61
1 3
1 9
1 3
1 9
1 15
2 5
4 1
1 11
1 9
2 4
4 8
2 2
1 4
3 1
1 19
3 0
5 2
1 5
1 32
1 1
2 3
3 1
1 2
1 15
3 0
4 0
2 23
1 25
1 5
2 0
1 4
1 1
3 0
1 6
2 12
1 8
2 0
1 3
1 1
1 2
1 13
1 4
1 1
2 1
1 5
5 53
1 5
1 21
1 5
5 1
1 2
3 0
1 10
1 3
3 1
1 7
2 1
1 3
1 2
2 0
2 1
1 1
1 5
2 2
1 0
1 3
1 2
3 0
2 1
2 0
1 0
1 2
4 0
2 0
2 2
1 2
4 0
1 3
1 0
1 1
4 1
3 0
1 2
1 1
2 1
1 3
1 2
2 1
1 44
1 1
1 2
5 1
2 1
4 0
2 1
2 1
1 1
1 1
5 2
1 1
2 1
2 2
3 0
1 2
1 3
1 2
1 1
1 1
1 5
1 3
1 2
1 1
1 3
3 0
1 3
1 1
1 2
1 1
1 6
1 1
1 3
1 1
5 9
1 9
1 1
1 12
4 3
1 4
1 1
3 5
1 12
1 6
1 14
4 0
1 4
1 10
2 2
1 4
1 3
1 20
1 1
1 1
2 1
2 0
1 9
2 3
1 1
1 5
2 0
1 3
2 1
1 2
1 86
1 3
1 2
2 2
1 4
3 5
5 4
1 8
1 1
5 1
1 1
2 1
1 1
1 2
1 6
1 4
1 2
2 1
1 5
1 2
1 3
1 2
2 1
1 4
1 2
2 3
1 2
1 3
1 2
1 2
2 1
2 14
1 2
1 2
1 3
3 3
2 3
2 0
1 4
2 1
1 2
1 4
2 1
1 2
2 0
1 9
1 6
1 48
2 21
1 13
2 9
1 8
1 2
2 8
1 12
2 2
1 5
1 2
1 12
1 10
1 1
4 4
2 1
1 9
2 5
3 1
1 3
1 6
1 1
2 7
2 2
3 0
4 1
1 3
1 4
1 2
2 1
1 6
2 1
5 3
2 1
1 2
1 4
3 1
3 1
5 2
1 3
3 0
1 0
1 6
1 6
1 3
1 7
3 0
1 4
2 2
1 4
2 0
1 3
1 6
5 3
1 6
1 9
1 5
1 3
1 4
2 2
1 7
1 7
1 176
1 9
2 1
1 4
3 0
1 4
2 2
2 1
3 1
2 0
3 0
1 3
1 3
5 3
1 4
2 1
5 2
1 6
2 0
1 3
1 2
2 1
1 9
1 3
1 2
1 2
1 3
1 5
2 1
4 0
3 0
3 0
2 0
1 4
2 4
2 1
1 3
4 0
1 3
1 2
1 1
5 1
1 4
1 2
4 1
2 3
1 2
1 2
2 2
3 0
2 2
1 4
2 0
3 0
1 2
1 6
1 2
2 1
1 4
1 4
5 3
2 2
2 1
1 3
2 1
1 3
2 2
5 3
1 21
1 6
1 6
1 3
3 2
2 6
1 3
2 4
1 2
3 1
2 3
1 1
1 2
1 2
1 3
3 0
3 3
2 2
1 3
5 3
1 4
1 3
1 7
2 4
1 2
1 3
1 6
1 3
2 1
3 1
1 3
1 5
1 2
1 3
1 6
3 1
1 2
1 2
1 2
2 2
1 1
2 2
1 1
1 2
3 0
1 4
3 0
2 0
1 1
1 2
4 1
1 2
2 1
1 4
1 3
1 1
1 3
3 0
1 2
1 4
1 4
2 0
1 4
2 1
5 2
1 3
1 2
1 1
2 4
2 1
2 1
3 4
1 5
3 1
2 1
1 6
1 6
1 5
1 2
2 0
2 3
1 6
2 0
3 0
1 2
1 3
2 2
1 5
1 4
1 3
1 4
2 2
1 4
3 0
1 4
1 2
2 1
5 4
2 5
1 4
3 17
3 0
5 6
1 8
1 7
3 2
2 0
2 1
1 3
1 6
1 6
3 0
3 2
3 9
1 4
1 30
1 4
1 4
1 9
1 7
2 1
3 2
1 21
1 4
3 0
2 4
1 4
1 5
1 8
1 15
4 11
1 6
2 4
4 0
3 0
2 0
1 11
3 10
3 9
1 13
2 12
1 11
3 2
1 19
1 20
1 14
1 7
2 6
1 88
1 15
1 23
1 78
1 16
2 7
2 14
2 24
2 9
2 15
2 9
4 1
1 21
3 0
1 19
2 5
2 68
3 10
1 153
3 6
3 6
4 14
4 12
1 59
1 55
2 25
1 39
1 48
1 125
1 22
3 28
1 392
2 76
4 6
2 19
4 8
5 4
4 1
4 181
