4 0
5 0
5 1
5 1
3 0
1 7
2 2
5 3
5 6
3 3
5 5
5 1
5 1
1 11
5 6
2 3
3 2
2 2
5 1
5 1
5 1
4 3
3 1
2 3
1 141
3 1
5 0
3 3
4 0
2 0
5 0
5 0
4 1
4 1
4 0
4 0
4 0
4 1
2 2
4 0
4 0
5 0
2 0
4 0
4 3
1 17
1 126
4 0
5 0
1 8
5 2
5 0
3 3
5 0
5 2
5 0
1 12
3 2
3 1
5 0
2 5
5 0
5 0
3 2
3 1
4 1
5 0
3 1
1 15
5 7
1 12
4 3
2 3
4 3
4 2
2 3
5 1
5 2
5 3
3 4
1 6
4 1
5 0
4 4
1 11
4 0
4 1
4 0
3 1
4 0
4 0
3 1
3 0
5 1
3 0
5 1
4 0
4 0
5 0
4 2
4 0
4 0
3 0
4 0
5 0
5 0
5 0
4 1
5 0
5 0
4 2
5 1
1 9
5 0
4 0
4 0
5 0
4 0
4 0
4 1
4 1
2 4
3 1
5 2
2 9
1 11
1 20
1 6
2 7
4 2
5 1
5 2
1 25
3 9
5 4
5 1
2 5
4 2
5 2
5 5
5 2
1 9
5 2
5 1
2 4
4 2
5 2
5 0
3 3
2 4
3 3
1 7
4 2
4 0
5 0
4 4
2 3
4 2
5 4
4 1
4 0
5 1
5 1
3 3
1 16
4 0
3 3
4 0
5 0
1 20
3 1
5 1
4 2
5 1
1 33
4 5
4 0
2 12
5 1
5 0
3 3
5 0
3 3
5 0
3 1
5 0
5 0
5 1
1 12
5 0
4 4
5 1
3 1
4 1
1 6
4 0
1 6
2 5
5 2
5 1
3 5
1 8
4 1
3 1
5 1
4 0
2 1
3 2
5 0
3 1
4 1
2 2
3 3
4 1
5 0
3 2
4 10
2 2
5 1
2 5
2 1
2 3
3 0
4 0
1 6
5 0
3 1
4 0
4 0
4 1
5 0
5 1
1 7
3 1
5 3
5 0
1 7
4 0
1 9
4 3
2 2
5 0
3 1
2 6
5 2
5 0
4 0
5 0
5 0
4 0
5 0
1 8
3 0
4 3
5 2
5 0
4 0
3 3
3 0
5 4
4 0
5 2
3 2
4 0
4 1
5 0
3 1
5 1
5 1
4 0
5 1
5 0
2 2
1 7
5 0
4 0
2 1
2 0
5 1
4 0
4 0
5 0
3 2
4 0
5 1
4 2
5 0
5 1
1 13
5 1
3 2
5 0
4 0
4 0
4 1
4 1
3 3
5 0
4 0
5 1
5 1
4 3
5 0
5 2
5 0
4 1
5 1
1 35
4 0
5 0
2 3
4 1
5 0
5 0
4 0
3 5
4 1
4 0
3 4
3 1
4 0
5 0
5 5
5 1
5 0
5 0
4 3
2 11
5 0
3 1
5 3
4 2
1 14
5 0
5 0
4 0
5 1
4 3
3 8
5 1
2 4
5 1
3 2
5 1
3 3
5 1
5 1
5 2
2 4
2 0
5 7
5 3
5 0
4 1
5 4
5 1
1 14
5 0
5 0
4 1
5 1
4 2
4 1
4 0
4 1
4 1
3 0
5 1
5 1
5 3
5 2
5 0
1 9
5 0
2 4
4 1
1 9
5 1
4 4
3 3
4 1
4 1
2 8
5 1
4 0
4 1
4 1
5 1
5 1
2 3
4 0
3 1
4 0
1 9
5 1
5 0
3 3
3 3
3 5
1 22
5 1
4 0
4 1
4 2
5 0
5 0
3 2
5 13
4 0
5 0
5 2
5 0
1 9
5 1
1 8
5 0
5 2
4 1
4 0
2 5
4 0
5 0
5 0
5 3
4 0
1 11
5 5
5 0
5 8
5 2
5 3
4 0
4 0
4 3
5 0
3 1
5 0
5 6
1 14
3 1
5 3
5 0
5 2
3 1
5 1
5 0
1 13
5 0
5 0
5 0
4 0
5 1
3 0
3 0
5 0
2 2
5 1
2 1
4 0
5 1
5 1
5 2
4 0
5 0
1 21
3 3
1 15
5 1
5 0
5 0
5 0
5 0
3 0
5 0
5 0
4 0
5 1
5 0
4 0
4 1
3 2
3 3
4 0
4 0
1 3
2 1
2 2
5 1
4 1
5 0
2 1
3 1
2 2
1 5
5 0
5 1
3 0
1 4
3 0
5 0
4 3
2 1
2 153
4 1
5 1
5 0
5 1
3 1
5 0
2 1
4 2
3 0
5 0
4 0
5 1
2 3
4 0
2 5
4 1
5 1
5 0
5 8
4 0
4 0
5 0
3 1
1 8
5 0
5 0
5 0
2 1
5 0
5 1
3 0
5 0
5 3
5 1
3 0
5 0
5 1
2 0
3 0
1 7
2 3
5 2
1 4
4 1
3 1
5 0
5 0
3 0
5 0
3 0
2 2
2 2
4 1
1 6
5 3
3 2
5 0
5 2
2 0
1 5
5 4
2 1
5 1
1 3
5 0
5 0
2 6
3 0
5 1
5 0
4 0
3 1
5 0
1 8
2 1
5 0
4 0
4 0
1 4
4 0
4 1
5 3
1 6
3 1
2 2
5 0
3 0
5 1
5 0
1 8
1 6
4 0
5 0
5 0
3 2
4 1
5 0
3 0
5 0
3 0
3 2
3 0
5 1
4 2
2 0
5 0
5 0
5 0
2 7
1 12
5 0
3 0
5 4
5 5
1 4
5 0
4 0
5 2
1 7
5 1
2 4
4 0
2 1
4 0
4 2
1 8
3 0
5 2
2 6
3 0
3 0
4 2
4 0
3 1
5 7
2 1
5 3
2 3
3 2
4 3
2 2
5 1
5 7
5 10
5 0
2 2
5 2
4 1
4 0
5 0
5 1
5 0
4 0
3 2
5 0
4 0
5 1
5 2
5 1
4 3
5 0
4 0
4 1
4 0
4 4
1 15
5 12
1 3
4 0
5 3
5 1
5 0
1 9
4 7
3 3
2 1
2 11
4 1
4 0
1 1
3 0
1 3
1 2
3 0
5 0
5 11
5 0
3 0
2 3
5 0
1 10
5 2
5 0
4 1
5 0
1 7
5 1
3 2
5 0
1 4
5 0
5 0
5 0
2 6
5 0
5 0
2 3
1 12
2 56
1 4
5 0
5 17
5 0
4 2
5 1
4 4
3 0
4 0
5 1
3 3
1 6
4 0
1 16
4 0
4 0
3 0
4 0
5 0
2 1
4 1
3 27
4 0
5 0
4 0
1 14
5 1
5 0
1 3
2 8
4 0
3 0
5 3
3 1
3 0
3 26
5 4
3 0
3 0
3 0
4 1
2 0
1 5
1 3
4 0
5 1
2 3
5 2
4 0
1 8
2 2
3 0
5 2
4 0
1 5
4 0
4 0
5 0
1 1
2 3
5 0
5 0
5 0
4 1
3 0
5 0
3 0
2 0
5 0
2 1
2 1
2 5
4 3
5 3
4 0
5 0
5 0
4 1
1 2
5 0
2 1
3 2
3 1
1 4
4 0
5 0
5 1
1 2
5 2
5 1
5 0
5 2
4 1
4 1
2 4
4 4
1 2
5 2
4 0
5 0
1 2
2 1
1 2
2 0
3 0
2 0
5 0
4 0
4 0
4 0
4 0
4 0
1 12
5 2
2 1
1 0
5 0
1 4
4 1
2 1
1 6
5 0
5 0
5 3
5 4
4 2
5 1
4 3
5 10
4 1
4 1
4 3
1 3
5 2
4 0
3 1
5 3
5 8
2 0
3 0
3 0
2 3
5 0
3 1
3 0
1 0
3 1
5 7
4 2
5 1
5 1
5 2
3 0
3 4
5 0
5 0
4 2
5 1
5 2
2 7
1 4
3 14
1 12
5 2
1 13
5 3
5 2
3 1
4 8
1 3
3 2
5 1
5 2
5 6
1 2
2 7
5 0
5 1
5 5
5 0
5 0
4 0
3 1
5 0
2 1
5 0
5 1
4 1
5 0
4 0
4 0
1 6
1 4
2 1
5 5
2 3
1 5
2 4
4 1
3 1
2 8
3 3
3 0
4 0
5 7
3 1
5 0
5 0
3 0
2 1
3 8
4 0
4 10
2 0
2 1
2 0
2 2
2 2
4 0
5 0
4 0
3 1
5 1
3 0
5 0
5 0
2 1
2 1
5 0
4 0
3 0
5 0
4 2
1 7
5 5
5 0
1 4
4 0
5 4
5 0
4 0
5 0
2 3
5 0
3 6
5 0
5 3
5 5
1 1
4 0
5 3
2 4
5 1
4 1
5 0
4 3
5 0
4 1
5 24
5 0
1 12
1 1
4 1
1 4
3 1
5 0
3 2
3 2
5 0
1 6
2 1
1 4
1 2
5 0
5 1
5 0
5 1
1 4
1 2
5 0
4 0
5 0
4 0
3 1
2 3
5 5
1 4
4 0
5 0
5 0
1 3
4 1
5 0
5 1
1 6
5 1
5 0
3 1
2 7
3 2
1 0
2 3
5 2
4 1
5 1
5 1
1 2
5 0
5 1
4 0
1 4
3 3
2 10
4 0
1 2
4 0
5 0
3 2
3 0
1 2
4 0
5 0
4 0
1 6
5 3
2 1
5 0
4 4
5 0
4 0
1 4
2 0
5 0
5 0
4 0
5 0
5 0
2 2
1 5
3 0
2 1
5 4
4 0
3 2
5 9
4 0
1 10
2 2
2 7
1 11
5 0
3 3
5 1
4 0
2 0
5 0
5 11
5 0
4 0
2 2
1 7
2 8
2 2
2 2
5 0
2 18
2 0
2 4
5 18
5 2
5 0
5 3
4 0
2 3
4 0
4 0
5 0
5 0
4 0
4 0
1 7
2 2
5 0
3 0
1 7
4 0
5 0
5 1
5 0
5 5
4 0
1 34
2 2
2 11
1 0
1 9
1 7
1 1
3 0
3 0
1 1
5 0
5 5
3 3
4 1
3 2
4 0
3 0
1 51
2 1
4 1
5 0
5 1
3 1
5 0
4 1
4 0
5 0
4 0
4 1
3 0
3 0
5 0
2 0
2 2
5 5
5 3
1 0
3 1
5 0
5 0
4 0
5 0
1 9
2 6
5 2
5 1
4 2
2 9
3 1
4 0
1 2
2 2
2 1
4 0
4 0
5 0
2 5
5 0
5 0
2 1
4 0
4 4
3 15
5 0
4 0
4 1
4 3
4 0
2 11
5 1
5 1
5 0
1 7
4 1
5 0
5 1
5 0
1 6
5 2
4 2
4 0
1 11
5 0
4 2
5 2
4 4
2 2
4 2
4 0
5 2
3 2
3 3
1 8
4 1
4 0
2 5
2 3
5 0
5 0
5 0
5 0
1 16
4 0
5 8
5 4
5 1
4 4
1 16
5 0
5 0
5 0
4 0
1 13
2 6
4 3
5 0
4 2
5 3
5 0
4 0
3 2
5 0
1 8
1 9
1 3
4 7
5 3
5 3
5 0
4 1
5 0
5 6
2 5
1 12
5 0
2 2
1 13
2 5
4 1
5 0
5 0
3 3
3 0
5 0
4 0
4 0
5 2
1 7
2 5
5 2
5 0
5 0
5 0
2 2
3 2
4 1
4 0
1 4
5 4
5 1
5 0
1 3
5 2
2 4
5 0
5 0
4 3
3 2
1 5
5 1
5 0
2 0
5 3
3 3
5 5
5 0
5 1
5 0
5 5
4 0
3 0
2 0
2 5
5 2
4 0
2 0
3 0
5 2
4 11
5 1
5 1
5 1
1 4
4 1
4 1
2 0
4 1
3 2
5 3
5 0
2 0
5 1
4 5
2 6
4 0
5 0
5 0
4 0
2 3
5 0
4 1
3 6
4 1
5 1
5 0
5 1
5 1
5 0
5 0
5 3
5 0
5 0
4 0
2 0
5 5
5 1
3 1
5 0
3 0
4 0
5 0
4 0
4 1
4 0
5 0
4 5
5 2
5 0
4 1
5 0
5 0
5 11
4 0
5 0
3 0
1 4
5 0
4 0
3 0
4 0
2 3
5 0
3 1
3 0
4 0
2 7
4 0
3 0
5 0
5 0
5 0
1 4
4 0
5 0
2 4
4 0
2 11
2 5
2 20
5 0
5 1
3 0
2 2
5 1
3 1
4 0
5 1
4 0
5 0
5 16
3 0
1 4
5 0
4 0
5 2
4 0
1 5
4 4
5 0
5 2
5 1
1 6
4 1
2 1
2 1
4 0
4 0
5 0
5 6
3 1
5 4
5 5
3 2
3 2
3 0
5 4
4 0
5 0
3 0
5 5
1 2
5 5
4 2
5 0
5 0
1 32
4 0
4 2
2 2
5 10
4 11
2 1
4 0
2 1
1 2
5 3
5 3
5 0
5 2
4 4
4 7
1 4
3 2
5 1
5 0
5 0
4 1
5 4
5 0
5 1
5 0
2 1
5 0
4 1
4 1
5 0
1 2
2 1
4 0
5 0
5 0
2 0
3 12
5 0
1 5
5 5
2 4
3 4
5 2
5 3
5 2
3 2
2 2
5 1
1 7
4 3
5 0
2 2
5 15
5 0
3 0
4 8
5 2
5 0
5 6
4 0
5 1
4 5
3 3
3 1
4 2
4 0
5 0
4 0
1 11
4 0
4 1
4 0
5 0
4 0
4 0
3 1
1 18
5 0
5 2
5 1
3 17
2 24
2 2
5 0
4 0
5 0
4 0
3 0
5 0
5 0
5 1
3 1
5 1
5 8
3 3
5 3
5 0
5 0
5 0
5 10
5 4
1 3
4 0
5 1
5 9
5 0
5 0
5 1
2 16
5 1
5 0
4 0
5 0
2 3
5 7
2 2
4 0
5 12
5 0
3 1
4 0
3 0
3 0
3 0
4 0
4 0
5 0
3 4
5 6
4 0
5 4
5 3
5 4
4 0
1 14
5 2
5 2
5 0
4 1
4 1
4 5
5 1
1 3
4 3
5 1
3 0
3 0
4 1
4 5
4 1
4 3
3 0
1 6
5 1
4 10
5 1
3 2
2 1
5 4
5 4
5 0
3 2
4 2
4 23
1 11
5 0
5 5
3 0
1 1
2 8
3 4
3 16
4 7
1 8
3 0
1 9
4 4
5 0
3 2
4 3
1 7
5 1
1 8
5 1
5 0
5 6
4 2
1 5
4 1
4 0
5 0
5 0
4 0
5 0
4 0
1 15
5 0
5 0
5 0
5 3
2 0
5 0
2 1
3 2
5 0
5 0
5 6
5 0
5 0
2 3
5 0
2 2
3 0
4 0
4 0
5 0
1 2
5 11
4 0
4 0
3 1
5 0
3 0
1 4
5 5
5 5
1 4
3 1
4 0
5 0
4 0
5 1
1 57
5 0
4 3
2 19
5 0
5 44
5 1
5 0
5 0
4 0
4 1
2 1
4 0
5 0
5 8
5 1
4 1
5 3
2 2
5 0
5 0
2 18
4 11
4 3
5 6
5 4
4 2
5 0
3 2
5 8
4 6
3 2
5 7
4 0
4 0
1 9
3 2
4 6
5 0
5 4
5 2
1 4
5 2
5 3
5 18
4 4
1 75
4 1
5 1
4 2
1 36
5 3
2 13
2 5
4 6
5 0
5 6
5 2
4 3
5 2
4 1
5 24
5 12
3 3
5 1
5 11
4 2
5 0
3 6
5 2
4 7
5 2
1 3
1 5
5 1
1 5
3 2
5 1
1 6
4 1
5 1
5 0
4 2
5 1
5 1
5 2
5 1
5 0
4 0
4 0
5 1
5 0
5 0
2 3
5 7
5 0
5 1
5 1
5 0
3 0
4 0
5 0
5 4
3 2
3 1
5 0
5 0
5 2
2 3
5 1
5 9
5 4
5 3
5 0
5 0
2 5
5 5
3 2
3 8
5 1
5 0
5 0
3 1
4 0
3 3
5 0
5 0
5 2
5 1
5 5
1 9
5 5
5 0
1 15
5 1
5 2
5 1
5 0
3 3
5 1
5 2
3 17
4 10
4 1
5 0
5 3
5 0
5 0
5 2
5 6
5 0
4 1
5 0
1 48
5 0
4 1
4 0
4 0
4 1
3 0
5 0
5 0
5 0
5 0
5 0
5 0
4 0
4 0
5 5
4 6
5 1
5 33
3 2
4 12
5 0
1 5
5 2
5 16
5 8
5 0
5 1
4 0
5 0
4 0
5 4
5 0
5 0
5 3
5 1
5 0
5 0
5 1
5 0
5 1
1 8
3 9
2 4
5 0
5 0
5 0
4 1
4 1
1 65
5 2
4 1
3 4
4 0
3 11
5 1
5 0
5 0
3 1
4 2
4 343
5 3
5 1
3 0
5 0
5 2
5 405
4 0
5 1
4 0
4 0
5 0
3 3
5 1
4 0
4 2
5 1
3 2
5 0
5 4
5 1
3 3
5 3
5 0
5 21
5 5
5 3
3 1
5 0
4 0
3 1
5 3
5 1
5 0
3 4
5 1
1 8
3 4
5 2
4 1
4 0
4 0
4 3
5 1
4 8
2 6
5 1
5 1
5 1
5 0
5 3
4 1
4 1
5 5
5 3
3 2
5 4
5 1
5 1
5 4
5 0
5 2
5 4
2 8
5 4
5 1
5 1
5 1
5 1
4 2
5 1
5 8
5 5
5 0
5 3
2 27
2 4
3 2
5 47
5 1
5 1
5 18
5 7
5 1
5 96
5 3
1 8
4 0
2 7
5 3
5 1
5 1
3 3
5 1
5 1
5 1
4 3
5 4
3 4
5 2
5 2
5 4
5 0
5 0
5 7
3 1
2 139
5 3
2 19
5 1
5 0
5 4
5 1
5 2
5 0
5 0
5 0
5 5
5 0
5 0
5 0
5 0
5 0
4 0
4 52
5 5
5 10
5 0
5 8
5 4
4 5
3 10
4 3
5 16
5 0
5 2
5 1
5 6
5 10
3 34
5 6
5 0
5 0
5 2
5 1
5 21
5 0
5 11
4 1
5 5
5 1
5 24
4 5
5 1
5 2
4 3
5 6
5 11
1 265
5 26
