4 2
4 1
5 1
5 2
5 2
5 3
5 3
5 1
5 0
4 2
4 1
5 0
5 1
1 1
5 1
2 2
3 2
5 1
5 0
2 6
5 0
4 0
5 0
5 0
5 0
5 3
5 1
5 2
5 4
3 8
5 10
4 6
5 4
2 10
5 2
5 7
2 1
5 2
1 16
5 3
1 9
5 5
2 7
5 5
5 2
4 2
5 2
2 2
3 5
5 1
4 3
5 4
5 6
3 10
2 2
4 1
3 2
5 0
2 1
3 1
5 1
5 2
5 1
3 1
5 2
5 0
3 0
5 0
5 0
4 0
1 5
5 2
4 3
2 1
3 2
5 1
4 1
4 1
5 1
3 3
5 1
5 1
5 2
5 2
5 2
2 5
5 7
3 3
5 1
5 1
5 2
2 3
3 1
4 1
1 11
4 6
5 0
5 0
4 2
4 2
5 1
5 0
2 3
5 2
5 5
1 5
5 1
5 0
4 0
5 0
5 4
4 1
4 2
1 6
5 1
5 2
5 1
5 0
4 3
4 0
4 1
5 1
4 0
5 1
2 4
3 1
5 0
5 0
1 5
3 1
3 3
4 2
5 0
2 3
4 1
3 3
5 1
5 0
5 1
5 1
5 2
4 1
5 1
4 1
5 5
5 3
5 1
5 1
5 0
4 2
5 2
5 0
5 0
5 0
2 6
1 6
1 9
2 4
3 3
4 0
5 1
5 0
4 4
1 5
5 0
4 0
5 0
1 6
4 1
5 0
5 0
4 0
3 2
4 1
1 12
5 0
4 1
5 0
5 0
4 1
5 0
5 1
5 0
5 1
4 1
5 1
1 7
5 3
5 1
5 0
5 0
4 0
4 0
4 0
4 0
3 0
4 0
4 0
4 1
4 0
5 1
5 0
4 0
1 8
2 1
3 0
5 0
4 0
4 0
5 0
5 1
5 0
5 0
5 0
5 1
5 4
5 1
3 1
1 11
5 1
4 0
3 0
5 0
1 9
5 0
1 11
5 1
5 2
1 3
5 0
4 0
5 1
3 4
5 1
2 8
5 1
2 5
5 0
5 9
4 1
5 0
2 3
3 4
3 5
4 0
2 2
5 1
5 0
5 1
5 0
2 1
5 0
5 2
5 1
5 37
1 7
4 0
4 0
5 1
3 0
4 0
5 0
5 0
1 8
5 1
5 1
2 4
5 0
3 2
5 1
5 2
1 12
5 1
5 0
5 0
3 1
4 0
5 0
4 1
5 1
4 1
4 1
1 6
5 0
5 1
3 1
5 1
1 5
5 1
5 0
3 2
4 0
2 0
1 7
1 4
1 10
1 21
4 1
5 1
5 2
5 1
5 0
5 1
4 0
5 1
1 5
1 1
5 4
2 1
1 2
4 0
2 1
3 1
1 2
5 0
4 0
3 1
4 0
4 0
5 0
4 0
5 0
3 1
5 0
5 0
5 0
4 0
5 2
5 1
5 1
5 0
5 0
5 2
5 1
5 0
5 0
5 1
5 0
5 0
5 0
5 0
5 0
5 0
5 0
5 0
3 2
2 11
4 0
5 1
5 1
5 4
5 0
5 0
5 0
3 1
4 0
5 1
5 0
2 2
1 19
5 0
3 0
4 0
5 0
5 0
4 0
4 1
4 3
5 3
4 2
4 0
5 0
5 0
5 1
5 1
5 0
5 0
5 4
3 1
5 1
5 0
3 0
5 1
4 0
1 4
5 2
5 0
5 0
5 0
5 1
5 0
5 13
4 0
3 0
3 0
1 16
4 0
5 1
4 0
5 1
4 14
5 0
5 1
3 1
5 1
5 1
5 5
4 1
1 4
5 1
1 4
3 1
5 2
5 0
5 6
4 0
5 1
5 4
5 1
5 3
1 4
5 0
1 3
3 0
1 0
5 5
5 0
5 3
5 0
5 0
5 0
5 0
5 4
1 9
5 1
3 1
2 3
4 6
5 1
5 1
4 1
5 1
1 1
5 0
4 0
2 2
5 0
5 0
3 0
2 1
3 0
5 2
5 0
1 16
2 4
5 2
3 1
3 1
1 2
5 0
3 1
4 2
4 0
5 0
5 1
5 2
1 4
3 0
3 0
4 0
4 0
5 1
4 0
3 0
5 0
5 3
2 1
5 25
4 0
5 0
5 0
5 0
4 2
2 4
4 4
5 0
4 0
5 0
4 0
5 0
1 10
2 4
5 1
5 2
5 0
3 0
2 5
2 5
5 0
1 5
2 3
2 2
2 4
5 14
1 5
3 1
5 1
3 0
2 3
2 1
5 0
5 0
3 14
1 2
5 0
5 5
5 0
5 2
5 1
5 1
5 1
2 5
4 1
5 1
3 1
5 0
3 1
2 3
4 0
5 0
1 5
3 0
1 16
1 6
5 5
5 4
3 4
4 17
5 1
5 0
5 0
5 1
4 0
2 3
3 0
5 0
5 1
5 0
5 2
5 5
4 1
5 0
1 6
5 0
5 0
5 1
2 1
2 2
1 3
5 0
2 2
5 1
5 2
5 4
3 0
2 3
3 0
1 5
5 1
5 1
5 1
5 1
4 1
5 1
5 0
5 3
5 6
1 5
5 3
5 5
5 0
5 1
5 0
3 1
5 2
5 1
4 1
5 0
5 1
5 2
5 0
5 5
3 1
3 0
2 2
5 0
1 3
5 0
5 6
4 2
5 1
5 1
5 0
4 1
4 4
4 4
5 0
5 1
5 2
4 0
5 1
5 1
5 4
5 1
5 1
1 6
5 1
1 8
5 0
3 9
5 1
5 0
5 1
3 2
5 0
4 0
5 2
5 2
3 0
4 0
3 0
4 25
1 4
2 4
3 3
3 3
4 1
5 0
5 0
5 1
5 0
4 0
5 0
4 0
5 9
5 1
5 0
5 2
5 1
5 0
5 0
5 2
5 0
4 1
3 0
3 0
2 2
5 3
5 1
5 0
5 0
4 2
5 0
5 0
5 1
5 0
5 0
3 3
4 0
2 4
3 1
3 1
2 0
3 2
2 4
3 0
4 3
3 0
2 0
3 1
2 1
4 3
4 5
1 6
3 0
4 3
3 1
4 4
2 4
2 0
3 0
3 0
4 0
5 0
5 0
1 34
5 0
3 0
3 1
5 0
5 0
4 0
3 1
2 1
4 0
5 1
5 0
4 4
4 1
5 0
5 0
3 0
4 0
4 0
5 1
5 7
5 0
4 3
5 0
5 0
5 0
5 1
5 5
4 0
3 1
5 1
5 1
4 0
4 7
5 2
5 1
1 2
5 1
4 0
4 1
5 1
5 1
5 0
4 0
5 0
4 1
2 1
5 1
5 0
2 3
5 1
5 0
5 0
2 1
5 1
5 2
5 0
5 0
5 0
2 7
2 4
5 1
5 0
5 0
5 0
1 4
4 0
5 0
5 2
2 7
5 1
5 12
5 0
5 1
4 2
5 4
5 0
5 1
4 0
2 4
5 0
4 0
5 1
5 0
5 1
5 1
5 0
5 257
5 23
5 0
5 0
5 0
5 1
4 0
1 3
5 0
5 4
5 0
5 4
5 0
2 3
4 0
4 1
2 2
5 0
5 1
5 0
5 0
3 1
5 1
3 0
1 6
2 4
5 0
4 1
4 1
5 6
5 1
1 7
5 0
4 0
5 0
2 0
5 1
2 0
3 0
2 1
4 0
5 0
5 0
3 1
2 0
2 0
2 0
3 2
2 0
3 0
1 2
1 4
3 0
3 0
1 4
3 0
3 0
4 0
2 0
4 0
1 2
3 0
1 5
5 0
3 1
5 0
5 0
1 1
5 1
5 33
5 2
5 1
3 0
3 0
5 0
1 12
5 0
5 0
4 0
5 2
5 0
5 1
5 1
5 1
4 2
4 15
4 2
1 8
1 1
2 3
5 0
5 0
5 0
5 1
5 1
5 3
3 4
5 0
5 2
5 0
5 0
5 1
1 6
5 10
5 1
4 0
4 2
4 1
5 4
3 4
4 1
5 0
5 0
4 0
3 5
4 4
5 1
5 0
4 4
5 0
4 0
5 0
4 0
1 2
5 1
5 4
5 14
5 0
5 0
5 0
5 0
5 0
5 0
5 2
5 22
1 3
5 1
5 0
2 4
3 1
5 0
5 9
5 1
5 2
4 1
5 1
5 1
5 0
5 3
5 2
4 0
5 0
1 1
4 0
5 7
5 0
5 0
4 0
5 0
5 1
5 1
5 1
4 0
4 0
4 0
4 0
5 0
5 0
3 0
5 5
4 3
3 3
5 2
1 205
4 1
3 3
5 2
2 5
5 3
3 2
5 0
5 0
5 0
5 1
5 0
5 0
1 3
1 2
1 7
5 0
4 0
1 6
5 0
3 8
5 3
3 0
5 3
4 2
5 0
5 1
5 1
5 3
3 0
3 0
4 1
4 0
5 2
5 0
4 2
5 0
5 0
4 1
4 0
5 0
5 0
5 2
5 1
4 4
5 1
4 1
5 3
4 0
4 0
5 2
1 7
4 2
1 3
1 8
5 0
5 1
5 3
5 0
5 0
5 0
5 1
5 3
4 2
5 1585
5 2
2 3
5 1
1 0
5 2
5 0
5 2
4 0
4 6
5 2
3 6
3 3
5 0
5 0
5 0
1 2
5 1
5 2
1 1
5 0
1 4
5 3
5 0
5 3
5 6
5 4
5 4
5 0
5 1
5 0
1 19
4 1
5 90
4 2
4 0
4 0
5 0
3 2
5 0
5 1
5 0
5 0
5 1
5 0
5 4
5 7
5 0
4 1
5 1
5 0
5 3
1 5
4 0
5 2
5 11
5 0
5 1
5 11
3 3
2 1
2 1
5 2
5 1
4 1
5 4
5 1
4 0
5 1
5 345
5 1
4 1
4 0
5 1
1 4
3 0
4 0
5 1
5 1
2 2
4 0
2 2
3 0
3 1
1 1
1 2
5 0
5 27
5 1
5 1
5 1
4 20
5 0
5 0
5 7
4 0
2 1
1 0
1 2
1 1
4 0
1 3
4 1
5 2
5 150
5 17
5 1
5 0
4 2
5 1
5 0
5 4
5 1
1 2
5 0
4 2
5 1
5 3
1 2
5 2
5 6
5 2
4 0
4 2
5 0
5 12
5 30
5 5
5 0
5 3
5 0
5 4
5 0
4 0
5 3
5 0
5 0
5 0
4 1
5 0
5 3
5 3
4 4
5 3
5 0
5 0
5 5
5 0
5 7
5 0
3 1
4 2
4 2
4 2
5 6
5 1
1 8
5 2
5 1
5 4
5 0
5 5
5 5
1 3
4 3
5 1
3 2
1 5
1 13
3 1
1 5
2 17
5 2
2 6
5 1
5 1
5 0
5 1
5 1
3 1
4 2
2 2
4 1
5 1
5 2
1 2
5 3
5 2
5 6
5 1
5 0
5 1
3 4
5 8
4 1
5 1
5 1
2 4
4 15
5 3
4 1
5 0
4 1
5 0
5 0
5 3
3 0
3 0
3 0
5 1
5 7
5 6
5 0
5 0
2 7
4 0
5 0
5 3
4 0
5 2
4 0
5 0
5 0
5 0
5 0
2 7
3 4
4 1
5 4
5 3
4 1
5 0
5 0
5 4
4 3
4 0
2 3
5 1
1 5
5 2
5 1
5 0
5 0
5 13
5 0
5 0
5 1
4 0
5 0
5 1
5 0
5 0
5 0
5 0
3 0
1 1
5 1
5 0
5 0
2 2
4 0
5 1
1 1
5 1
1 51
5 1
4 0
5 1
5 1
5 1
5 1
1 1
5 1
5 0
5 0
5 0
5 0
5 0
3 0
5 0
5 0
5 0
5 0
1 3
4 0
5 0
5 0
5 0
5 0
1 2
3 0
5 0
5 0
4 0
5 0
3 0
5 0
3 0
5 0
5 0
5 0
1 1
5 0
5 0
5 0
5 0
5 1
3 0
5 0
2 0
5 0
5 0
5 0
5 0
5 0
5 0
5 0
5 0
5 0
2 0
4 0
4 0
5 0
4 6
2 1
2 0
5 0
5 0
5 0
5 0
5 0
5 0
1 0
5 0
4 0
3 0
5 0
5 0
3 0
4 2
5 0
3 0
3 0
2 0
5 0
5 0
4 0
5 0
5 0
5 1
1 0
5 0
5 0
5 4
5 0
1 0
5 0
5 0
5 0
5 0
5 0
5 0
5 0
5 0
5 0
5 0
5 0
5 0
5 0
5 0
5 0
4 0
4 0
4 0
5 0
5 0
4 0
5 0
5 0
5 0
4 0
5 0
5 0
4 0
5 0
2 0
3 0
5 0
5 0
1 1
1 7
5 10
5 0
5 0
5 0
2 3
5 0
5 0
5 0
5 0
5 0
5 0
5 0
5 0
5 1
5 0
5 0
5 0
5 0
5 0
5 0
3 0
2 0
5 0
5 1
4 0
4 0
5 1
5 0
4 0
5 1
5 1
5 0
5 1
5 0
5 1
1 2
2 1
4 0
5 0
5 0
5 1
5 1
5 1
1 0
5 1
5 1
5 1
5 1
5 0
5 1
5 1
5 1
