5 1
5 7
5 0
5 2
5 5
3 1
5 1
5 12
1 9
5 4
5 3
4 9
4 5
5 4
5 10
2 2
5 7
5 8
5 8
5 0
5 0
4 5
5 3
4 0
5 3
5 0
2 8
5 1
5 4
5 11
5 0
5 0
5 1
5 4
5 0
5 1
1 14
5 0
2 6
5 1
5 1
5 3
5 0
5 3
5 1
1 17
5 2
5 1
5 0
5 2
4 2
5 1
5 0
5 1
5 2
5 4
5 0
5 1
5 1
4 1
5 2
5 1
5 0
5 0
1 8
4 1
5 0
5 2
5 0
3 4
3 6
5 2
5 3
5 2
5 1
5 0
5 0
5 1
5 1
5 0
5 0
5 2
5 0
5 0
5 0
5 3
5 0
5 0
5 0
5 0
5 1
3 9
5 0
5 0
5 1
2 11
4 2
5 1
5 3
3 9
5 1
5 0
5 0
4 2
5 1
5 2
5 1
5 3
5 14
4 2
5 1
5 0
3 2
5 2
4 0
5 0
5 2
5 0
1 4
4 0
5 1
5 2
5 1
5 2
5 0
5 1
5 2
5 2
1 17
1 12
5 2
5 0
5 1
5 0
5 0
5 1
5 0
5 0
5 0
5 0
5 1
5 6
5 5
5 3
4 1
5 0
5 0
4 0
5 4
4 4
4 4
1 13
5 1
5 0
5 0
5 0
5 3
5 0
5 2
5 0
5 0
5 3
3 6
5 1
5 6
5 1
2 5
5 1
5 3
5 0
5 0
5 1
5 0
4 0
5 0
5 1
5 10
5 2
5 0
5 0
5 1
5 2
1 10
5 8
2 7
2 15
5 1
3 3
2 14
3 2
5 0
5 4
5 2
5 0
1 15
5 0
5 0
5 1
5 4
5 0
2 6
3 2
5 1
5 1
5 0
5 0
5 1
5 2
5 1
5 1
5 0
5 0
5 0
5 0
5 0
4 3
5 0
5 0
2 2
5 7
5 0
5 5
5 1
5 4
5 0
5 1
5 0
5 1
5 4
5 1
5 3
5 0
1 142
5 36
5 23
4 0
4 1
3 31
1 10
5 0
5 0
3 47
5 23
5 4
5 3
5 0
5 0
5 0
5 0
5 1
5 0
5 1
5 3
5 1
5 0
5 0
5 0
5 0
5 0
5 1
5 1
5 0
5 1
5 0
5 3
5 0
5 0
5 0
5 2
4 9
5 1
5 0
5 16
4 17
5 14
1 10
5 0
5 1
5 2
5 3
5 1
5 3
5 0
5 1
5 3
5 10
4 0
5 1
5 2
5 3
5 0
5 2
5 5
5 3
5 1
5 26
5 0
5 0
5 0
5 1
4 0
5 16
5 0
5 1
5 3
5 5
5 4
5 7
5 1
1 10
1 5
5 5
5 1
5 2
4 0
5 2
5 1
5 0
3 1
3 0
5 3
5 3
5 6
5 1
5 3
1 1044
5 0
1 1346
3 26
5 3
5 3
5 1
5 1
5 9
5 2
5 3
5 4
5 7
5 2
5 0
5 1
1 8
5 1
5 10
5 1
5 3
5 0
5 2
4 1
5 0
4 0
5 0
5 1
5 1
5 2
5 3
5 4
5 1
5 3
5 2
5 1
5 1
5 8
5 6
5 1
5 1
5 0
5 0
5 0
5 0
5 0
5 0
5 0
5 0
5 1
5 2
5 1
5 4
3 1
5 1
3 7
5 3
5 1
5 0
5 1
5 1
5 0
5 0
5 0
4 0
5 1
5 0
5 0
5 1
5 0
5 0
5 0
5 6
5 30
5 3
5 0
5 4
5 2
5 0
5 0
5 4
5 0
5 2
5 1
5 0
5 10
1 15
5 3
5 1
5 5
5 4
5 2
5 5
5 4
5 25
1 6
1 6
5 0
5 6
5 14
5 4
5 6
5 6
5 4
5 118
5 9
5 1
5 0
5 31
5 0
5 1
5 0
5 1
5 0
5 0
5 0
5 1
5 0
5 0
5 0
5 0
5 0
5 0
5 0
5 0
5 0
5 0
5 0
5 0
5 0
5 0
5 0
5 0
5 0
5 0
5 0
5 0
5 0
5 0
5 0
5 0
4 0
5 0
5 0
5 0
5 0
5 0
4 0
5 0
5 0
4 0
5 0
5 6
5 0
5 3
5 0
5 0
5 0
5 0
5 0
5 0
5 0
5 0
5 0
5 0
5 0
5 0
5 0
5 0
5 0
5 0
5 0
5 0
3 0
5 0
5 0
5 0
5 0
5 0
5 0
5 0
5 0
5 0
1 12
5 0
5 0
5 0
5 0
5 0
5 0
5 0
5 0
5 0
5 0
5 0
5 0
5 0
5 0
5 0
5 0
5 0
5 0
5 0
5 0
5 0
5 0
5 0
5 0
5 0
5 0
5 2
5 0
5 0
5 0
5 0
