5 0
3 33
5 0
4 0
5 1
4 0
5 0
5 1
3 1
5 1
5 4
5 1
4 2
5 2
5 1
4 0
5 3
5 0
5 1
5 0
5 1
3 1
5 0
3 1
4 1
5 0
5 3
4 0
5 0
5 10
4 2
5 7
5 1
2 1
4 1
5 1
1 6
5 4
5 2
3 1
5 2
4 4
5 2
3 2
4 1
4 1
5 2
5 3
5 2
5 1
4 3
5 2
3 2
5 1
5 1
5 1
4 0
4 1
4 1
3 0
4 0
3 0
4 0
5 3
5 0
5 1
4 7
5 0
5 3
4 0
5 1
2 4
5 1
4 0
5 5
5 0
1 30
5 0
5 0
2 4
5 2
4 1
5 1
1 5
5 2
5 2
4 1
3 5
5 0
2 4
3 0
3 0
3 1
4 0
4 1
5 0
4 0
5 1
4 0
4 0
5 0
4 3
3 1
4 0
4 3
5 1
3 1
5 0
5 15
4 3
4 1
5 3
5 2
5 2
3 2
5 1
5 2
4 0
2 3
4 0
5 2
5 8
5 3
5 0
4 0
4 0
5 2
5 0
5 1
5 3
2 1
5 0
3 1
4 0
4 0
4 0
4 0
3 0
4 0
4 2
4 0
4 0
5 0
3 0
4 0
4 0
4 0
4 1
4 0
5 0
5 0
4 1
5 1
3 1
5 0
5 0
5 0
4 0
5 3
5 4
3 0
5 0
3 0
5 0
4 2
5 0
3 0
5 0
4 0
3 1
4 0
4 0
3 0
4 1
4 0
3 1
4 0
3 0
2 2
5 0
3 0
4 0
4 0
4 0
4 1
4 0
4 1
5 1
5 1
3 0
5 114
3 1
4 3
5 0
1 8
2 1
5 0
5 0
5 0
4 1
5 1
5 4
3 12
1 2
4 4
4 1
5 1
4 0
3 20
5 0
4 2
5 1
2 3
5 1
4 0
4 0
5 474
4 0
5 65
5 0
5 1
4 3
4 1
5 2
3 7
4 0
4 1
4 1
5 1
3 4
5 1
2 2
5 2
4 0
5 0
4 0
4 0
5 0
4 0
5 0
5 0
3 11
4 0
5 2
5 21
2 2
4 1
3 1
4 1
4 0
4 0
5 1
5 0
5 7
5 0
4 6
5 4
5 1
4 0
4 2
4 0
4 1
4 0
5 1
5 4
5 2
4 0
5 1
5 1
5 0
5 0
5 4
5 3
4 1
5 1
5 0
5 0
5 0
5 1
5 1
4 0
5 2
5 1
5 2
4 1
5 2
5 4
4 0
5 9
5 2
3 0
5 0
3 4
4 0
4 2
5 4
5 2
4 3
5 1
4 3
4 0
4 0
4 0
4 0
5 0
2 2
1 7
4 1
4 0
2 1
2 3
2 0
4 0
3 0
3 0
2 2
4 0
4 1
5 0
3 0
4 0
5 0
5 1
1 19
5 0
4 1
5 0
5 0
4 0
2 4
4 1
4 1
1 7
4 1
4 0
5 0
4 0
4 2
2 7
1 4
1 1
4 2
5 4
4 1
4 0
3 2
3 21
5 1
5 2
4 2
5 0
5 0
5 2
1 2
2 5
5 0
5 0
5 2
3 1
2 6
5 7
5 0
4 0
5 0
5 1
5 1
5 3
5 7
1 2
5 2
5 0
5 0
5 0
5 6
4 17
4 3
1 5
5 7
2 6
5 0
5 1
5 2
5 3
4 1
5 6
5 0
3 1
5 3
3 1
3 3
5 3
4 0
3 3
5 2
3 0
3 0
3 0
2 4
4 0
2 1
2 2
2 3
2 1
1 5
2 2
3 8
3 1
1 4
3 0
1 3
2 1
2 2
2 0
4 0
4 2
5 0
4 0
5 1
5 0
5 1
5 1
5 1
4 0
5 0
4 0
4 4
5 0
4 3
1 22
4 1
3 0
1 4
5 2
1 7
2 3
5 1
5 0
2 5
4 0
5 1
5 0
2 1
2 5
3 27
5 1
5 0
5 3
5 0
4 1
5 0
4 0
4 2
5 0
5 13
5 1
5 0
5 0
2 8
4 0
4 4
4 1
4 0
4 0
5 2
5 2
5 3
5 1
5 0
5 0
5 0
5 2
5 0
5 2
5 6
5 21
4 4
5 5
4 4
5 1
5 3
5 1
5 4
4 1
3 7
1 2
5 2
5 2
5 3
5 0
1 2
4 4
5 1
4 26
5 0
5 6
5 2
5 3
5 0
4 1
4 0
5 0
5 6
3 0
4 0
4 0
5 0
5 3
5 0
4 0
5 0
4 0
4 2
3 0
4 0
4 0
5 0
3 0
4 1
4 1
4 0
4 0
1 1
5 0
5 3
3 1
5 0
2 4
5 2
4 1
4 1
3 1
5 1
1 2
3 0
4 2
4 0
4 2
5 0
5 2
5 0
5 1
5 4
5 1
5 0
5 0
5 2
5 3
5 2
1 2
5 0
3 1
5 0
5 1
4 0
4 0
5 2
5 412
4 0
5 1
4 0
4 1
5 1
4 0
1 1
3 0
4 0
2 1
5 1
4 1
4 0
4 2
4 0
5 0
5 0
4 0
5 0
5 0
5 0
5 1
1 1
5 0
5 0
5 0
4 0
5 0
4 0
1 1
5 0
4 0
5 0
5 0
4 0
4 0
5 0
5 0
4 1
4 0
5 0
5 0
4 0
5 0
5 0
5 0
5 0
3 0
5 0
5 0
4 0
