4 1
5 1
5 3
4 1
5 0
5 0
5 0
4 0
2 1
2 8
5 0
4 0
4 1
5 1
4 0
5 0
4 1
5 3
2 7
5 3
5 1
5 1
5 2
5 1
5 4
4 1
1 20
1 2
5 0
2 118
5 0
1 19
1 31
5 0
4 2
3 0
4 0
5 0
5 0
5 0
4 1
5 2
5 2
2 7
1 9
4 4
5 1
3 3
2 9
1 31
5 1
4 2
4 2
2 14
1 12
5 2
4 2
5 2
4 3
1 20
1 12
3 3
4 5
3 4
4 5
5 2
2 6
2 7
4 2
5 2
4 1
4 0
1 11
2 3
1 12
5 2
5 2
5 0
5 2
5 0
2 14
5 2
5 1
1 23
1 21
5 2
5 3
5 4
4 1
1 9
1 56
5 3
2 5
1 15
1 6
1 135
5 2
3 4
5 8
2 15
3 6
4 1
5 2
2 8
1 8
5 0
3 4
4 25
5 3
1 4
4 2
1 52
5 4
2 7
5 4
3 7
3 12
5 9
4 4
5 3
3 8
5 2
1 5
4 1
1 7
4 3
4 3
4 3
1 8
1 16
4 4
1 16
5 2
3 3
5 2
5 2
5 1
5 0
5 0
5 1
2 4
5 1
4 2
4 1
4 1
5 2
2 7
2 6
4 1
5 0
5 0
5 2
3 0
1 6
4 0
2 19
1 18
4 1
4 2
4 2
1 20
2 5
5 2
1 6
4 6
5 5
5 3
5 2
4 1
5 3
1 12
1 11
5 4
1 5
1 14
3 1
2 12
3 3
3 4
5 4
5 3
2 4
1 6
1 9
3 4
5 9
1 13
4 4
5 7
2 8
5 3
5 1
5 4
4 4
1 16
1 12
5 3
4 2
3 1
5 6
5 1
5 6
5 1
2 3
5 2
5 2
5 4
5 3
5 2
2 10
4 6
5 1
5 1
1 13
1 18
5 2
1 14
1 39
1 10
2 8
5 1
5 3
5 2
5 3
5 2
4 1
3 1
4 4
4 0
3 6
5 2
5 1
4 4
5 4
1 19
5 2
4 2
3 2
5 2
1 18
5 1
2 7
5 1
1 4
4 2
4 2
3 0
1 7
3 2
4 0
3 1
5 1
5 0
1 11
2 6
4 3
4 4
4 3
5 1
1 14
4 3
5 1
5 1
4 3
4 6
4 5
1 13
2 6
1 17
5 3
2 8
2 10
5 4
4 3
5 4
2 3
5 4
5 1
1 6
5 3
4 3
2 6
1 9
5 3
5 2
5 3
3 4
2 4
1 6
1 15
5 1
1 7
5 5
5 3
5 4
5 2
5 1
5 2
1 11
1 9
1 13
3 3
3 2
2 10
5 3
3 1
5 1
5 6
5 1
5 1
1 11
3 11
2 10
1 16
5 1
3 1
2 4
3 1
5 3
4 5
2 8
1 12
1 27
3 3
5 2
5 2
5 1
1 19
5 0
5 0
5 0
2 4
5 2
3 3
3 1
3 4
5 2
3 4
5 3
4 1
5 2
5 1
3 3
4 1
3 5
5 0
1 80
5 0
2 17
4 2
4 0
5 3
5 1
5 1
1 11
4 0
5 2
4 3
5 4
5 1
1 11
5 1
2 43
2 10
3 3
2 8
1 16
5 2
4 1
2 5
5 3
4 0
4 0
5 2
5 2
3 2
4 2
4 3
5 1
5 1
5 2
5 1
4 2
5 1
2 1
5 2
2 4
5 10
1 10
2 5
1 9
4 21
1 11
2 5
1 13
4 2
3 0
3 1
4 8
5 11
4 6
3 1
5 1
4 0
3 2
5 3
4 1
5 1
5 2
5 1
2 8
5 2
5 1
1 14
5 1
5 1
5 1
2 7
5 1
5 0
5 0
3 3
2 0
5 0
5 0
4 0
5 1
5 1
5 3
5 0
4 0
3 1
1 6
4 65
2 5
5 5
3 5
5 1
2 19
5 0
4 8
4 0
2 3
2 8
5 2
4 0
4 3
5 3
5 1
1 10
4 4
2 6
3 1
5 3
4 1
1 9
5 8
5 4
5 7
4 2
5 2
5 0
3 1
4 8
5 0
5 4
1 32
5 3
4 3
5 2
3 1
5 0
1 24
4 2
3 2
4 1
5 0
3 0
1 15
1 18
1 9
2 50
1 13
5 0
3 2
2 9
5 0
2 1
5 0
4 0
5 1
5 0
5 0
5 0
5 1
4 0
4 1
1 13
3 181
4 0
5 0
4 2
5 0
4 1
2 1
5 1
2 5
1 12
5 0
1 22
5 0
5 0
2 12
3 0
2 26
5 1
1 21
5 1
2 6
5 2
4 1
1 10
5 1
2 9
1 8
4 2
2 9
3 5
5 0
2 6
2 2
5 0
2 7
5 1
3 2
5 2
5 0
5 0
1 13
1 10
5 1
5 0
5 0
1 15
1 24
1 14
5 2
3 0
4 0
2 6
3 1
5 4
1 7
3 2
1 12
3 6
5 1
1 16
3 7
5 1
1 12
1 44
5 0
3 3
1 25
3 7
1 12
2 95
1 11
2 9
5 1
1 10
4 0
5 1
1 13
1 16
3 2
2 12
5 1
4 2
5 4
1 24
3 15
5 3
5 1
5 2
5 1
5 1
2 6
2 17
5 1
4 2
1 11
5 2
5 1
5 3
5 1
4 1
1 37
4 1
5 1
3 1
5 4
2 4
4 4
1 5
5 1
3 0
1 44
5 1
1 15
3 2
5 1
2 4
5 0
1 19
5 2
5 1
5 1
4 0
5 0
1 10
5 1
5 1
4 3
5 0
3 6
5 0
5 1
2 2
5 1
5 1
2 3
5 0
5 1
4 1
5 0
5 0
5 0
3 2
5 4
4 0
3 0
5 1
5 1
5 0
5 0
5 0
5 0
4 1
4 2
1 20
5 0
5 1
3 0
4 0
5 0
2 10
1 11
5 0
5 0
4 0
5 10
3 1
5 0
4 0
5 0
5 0
5 0
4 3
5 1
5 0
4 1
5 1
5 0
4 0
2 2
4 0
3 1
3 0
1 13
5 9
1 6
5 0
5 1
5 2
1 14
1 11
4 4
2 4
5 52
5 2
5 1
1 16
4 3
5 4
5 2
5 12
5 1
5 2
1 16
5 2
5 1
5 2
5 0
5 1
3 2
3 1
1 18
4 1
3 6
5 1
5 0
2 8
4 2
5 1
5 1
5 0
5 1
4 0
3 1
2 6
5 1
5 0
5 0
3 4
1 17
5 1
3 3
5 0
5 1
3 0
5 1
4 2
5 0
3 1
5 0
2 5
4 1
3 1
5 2
3 5
4 3
4 2
2 3
1 12
5 7
3 6
3 2
2 2
2 6
1 24
5 1
5 1
4 2
1 10
3 4
5 0
5 5
5 2
5 2
5 1
4 5
1 11
5 0
5 1
3 6
4 2
3 4
1 16
5 0
3 2
5 1
4 1
5 2
4 0
5 1
2 3
5 0
4 0
1 28
5 2
5 1
4 0
4 2
1 13
1 28
5 0
4 0
5 2
1 47
1 13
4 1
1 14
4 6
5 0
4 2
1 24
5 0
1 33
4 2
5 5
2 6
1 32
1 10
2 6
4 2
4 2
5 2
1 11
5 0
3 3
3 2
3 1
5 0
3 1
5 0
5 0
3 1
1 12
5 0
4 2
5 3
4 1
1 11
3 2
5 4
5 3
5 2
4 0
4 0
5 10
5 2
4 1
1 9
1 29
5 1
4 1
5 1
1 15
4 1
5 4
5 1
1 14
1 16
1 12
2 36
3 5
5 1
5 1
4 2
4 3
1 21
5 2
5 1
5 2
1 13
3 6
5 19
4 0
5 6
5 0
1 15
5 3
2 10
5 1
1 10
5 0
1 15
1 14
5 1
2 6
1 12
2 6
1 11
1 14
5 5
1 15
5 2
1 41
5 1
1 10
1 11
5 0
5 1
5 2
5 2
5 1
3 3
5 0
1 48
5 5
5 1
5 0
3 4
5 3
4 1
4 1
1 30
5 1
2 21
4 1
5 0
5 0
3 1
3 1
5 1
5 0
5 0
5 0
3 2
5 1
3 2
5 1
1 24
4 2
5 1
3 3
5 1
1 39
4 1
5 3
5 8
5 3
3 2
4 0
4 4
5 2
5 2
5 0
5 0
4 0
1 11
2 14
3 1
2 23
5 1
4 3
5 1
1 36
4 0
1 14
5 5
1 56
4 10
5 2
3 2
1 9
3 4
4 1
5 3
3 3
2 23
3 5
2 8
2 7
5 3
5 1
1 20
1 17
2 2
1 22
5 4
4 2
5 1
1 45
5 4
5 1
2 7
1 97
5 4
4 3
5 6
3 3
5 2
5 3
5 2
5 1
2 7
4 3
4 2
1 30
5 1
3 5
5 0
5 1
5 0
1 19
4 2
4 2
5 4
4 3
1 83
5 0
5 1
1 68
2 34
4 1
5 1
3 24
5 5
4 2
5 1
5 2
5 1
4 1
2 1972
4 16
5 0
2 4
5 1
1 30
5 0
4 0
5 2
4 2
5 1
5 2
5 0
3 1
3 5
5 2
5 2
4 13
5 2
5 1
5 1
1 8
3 2
5 0
5 1
1 143
1 12
5 2
5 2
5 0
1 15
1 84
4 1
4 1
5 6
5 1
5 2
5 0
5 4
5 3
1 22
3 4
1 25
5 3
3 36
5 0
2 2
5 1
3 25
3 42
5 7
5 6
5 1
5 5
5 1
5 5
5 4
1 39
5 6
5 9
2 14
