3 0
5 7
5 3
5 1
5 1
4 1
4 0
3 0
4 1
4 0
5 2
5 0
5 0
5 0
5 1
5 0
4 0
5 2
4 0
4 2
5 2
1 1
5 0
4 0
5 0
5 0
4 0
5 0
5 0
4 0
4 7
5 0
5 0
1 2
5 1
5 1
2 0
5 0
4 6
5 0
4 0
4 2
3 2
4 0
3 0
5 0
4 0
5 0
5 1
4 0
3 4
5 1
4 0
2 0
4 1
5 0
5 0
5 0
5 1
2 0
4 1
5 0
5 2
3 1
2 3
3 0
5 0
3 0
5 0
5 0
5 0
5 1
5 1
5 1
5 0
4 0
5 0
4 1
5 1
1 0
5 0
4 0
5 2
4 1
5 0
5 0
1 0
4 0
5 0
1 0
5 6
4 4
2 0
2 0
4 3
4 1
4 1
4 0
4 2
5 4
4 3
5 1
5 2
5 3
5 1
5 28
5 1
5 1
3 1
5 0
4 0
5 2
3 2
5 1
2 1
5 0
5 0
5 0
5 0
2 0
4 2
5 0
5 0
4 0
2 0
4 0
1 2
5 0
4 0
4 2
5 1
4 0
4 1
3 1
2 0
1 5
5 1
5 2
2 9
5 2
5 1
5 1
5 2
5 1
5 1
5 2
5 1
4 0
4 3
5 1
3 2
4 0
3 1
4 1
4 4
1 8
4 1
3 1
5 1
4 1
3 1
5 0
4 6
1 5
3 0
5 2
5 1
3 2
1 5
2 1
4 4
5 0
5 0
4 0
4 0
4 1
4 5
5 2
2 6
5 4
5 3
2 5
4 0
3 5
1 12
5 2
2 5
2 6
5 3
3 2
4 0
2 11
5 2
2 26
4 0
1 8
4 2
3 11
4 10
3 2
4 1
2 7
3 4
4 6
5 0
5 5
5 2
3 2
5 1
3 2
3 2
4 8
5 0
5 1
5 0
5 4
5 3
3 1
2 15
3 4
2 2
2 5
4 12
3 3
4 0
5 2
4 0
5 0
5 0
5 5
1 5
3 1
5 1
5 28
4 1
5 1
1 5
5 7
5 1
1 5
4 9
4 12
4 1
3 8
1 2
1 2
1 3
1 4
1 2
5 0
5 0
5 0
5 0
5 0
4 9
2 1
5 3
5 3
2 3
1 1
3 8
5 4
5 64
4 2
5 9
5 2
3 0
5 0
4 2
1 2
5 2
5 0
1 4
1 7
4 1
4 13
5 4
1 1
5 5
5 0
5 10
4 1
5 3
4 0
4 0
3 0
5 1
3 1
3 0
5 0
5 11
5 0
5 0
1 5
5 3
4 5
5 2
4 0
3 0
5 0
4 1
5 11
1 2
5 1
5 1
4 1
2 1
5 0
3 4
1 2
5 4
1 2
5 0
5 2
5 5
4 0
4 7
4 1
1 9
1 5
1 6
4 2
4 0
5 0
5 0
4 0
5 1
4 0
2 1
1 1
3 0
5 1
4 0
2 2
5 1
1 2
5 0
5 0
1 2
5 0
1 4
5 0
5 1
4 1
1 3
5 1
1 1
5 2
1 2
1 2
4 0
4 7
1 3
1 1
5 2
4 1
5 1
5 2
1 2
4 0
5 1
4 0
5 1
1 4
3 1
1 2
4 4
5 5
4 3
5 2
5 1
1 3
4 1
3 6
4 0
4 1
5 0
5 10
4 0
4 0
3 0
5 5
5 0
1 4
5 0
2 5
5 0
5 0
4 0
4 0
4 0
2 1
5 1
1 4
1 5
5 1
2 2
5 0
4 1
4 0
4 4
1 1
5 1
4 0
5 4
5 6
1 1
2 4
4 0
2 1
4 1
5 0
5 1
5 1
1 1
4 7
2 1
5 1
5 0
3 0
3 0
5 8
4 1
1 8
1 11
5 6
4 0
1 4
5 1
5 12
1 1
5 1
5 2
1 2
5 5
5 1
5 0
5 1
4 1
5 4
2 2
4 6
4 0
4 0
5 9
1 1
1 1
5 0
2 1
5 0
5 0
3 2
3 4
3 0
5 0
4 0
4 0
5 0
5 0
2 1
5 0
2 5
4 0
5 0
5 5
5 0
5 10
3 0
3 0
5 1
2 5
5 0
5 12
1 2
3 0
5 0
5 0
1 2
5 0
5 0
2 1
4 3
5 3
4 0
2 1
5 0
2 1
5 0
4 0
1 1
3 1
1 1
2 1
5 0
4 0
5 17
5 1
5 0
4 0
2 3
5 0
5 0
5 0
1 3
5 1
1 28
4 0
1 4
5 0
5 14
3 8
1 7
5 14
4 1
5 1
5 2
3 0
1 15
5 9
5 6
3 0
5 2
2 1
2 2
5 5
5 2
4 0
1 6
2 0
5 1
5 1
5 4
4 0
3 6
5 2
5 1
5 4
1 2
5 0
1 2
5 1
3 3
5 19
1 13
5 3
4 4
1 4
4 3
5 2
5 4
3 0
3 8
4 10
5 5
2 2
4 3
5 2
5 10
5 0
5 1
3 4
4 0
5 4
5 0
4 0
5 1
1 6
5 3
1 1
4 0
5 0
5 0
5 0
5 0
5 0
1 4
5 0
5 27
5 0
5 2
5 6
1 33
2 1
5 9
5 38
4 0
5 44
5 24
4 19
5 11
5 141
4 81
5 129
2 49
3 105
