2 4
2 3
3 3
1 8
1 18
1 5
4 1
2 0
1 4
5 3
2 5
2 9
3 4
2 4
2 3
2 3
3 0
2 3
1 5
2 1
5 2
1 27
1 7
2 1
1 5
4 0
1 8
2 4
1 9
1 3
2 3
1 5
1 2
5 0
2 4
1 6
5 2
1 8
4 3
2 5
4 1
4 0
2 10
1 17
2 14
5 4
1 15
3 0
2 3
2 5
2 11
1 12
2 1
3 1
5 1
3 0
1 9
3 1
2 3
1 9
1 6
4 0
2 6
4 3
3 4
3 1
3 2
2 3
3 1
3 0
2 2
1 2
1 2
2 6
3 3
1 7
4 2
3 2
4 1
3 2
4 1
2 4
4 1
5 2
4 3
2 13
1 7
3 8
3 1
4 1
1 9
1 10
5 1
5 2
4 11
2 8
5 4
5 4
4 4
4 3
2 21
1 11
5 4
4 3
4 4
1 17
2 9
4 2
2 12
4 0
5 1
1 24
2 19
4 0
4 1
2 10
2 9
2 13
3 0
4 1
3 0
1 21
1 12
5 5
1 20
3 4
3 7
4 0
3 6
1 6
1 10
2 12
1 14
1 16
4 1
5 3
2 8
1 13
3 7
1 105
3 1
3 2
2 7
2 5
2 9
4 0
4 2
2 8
4 1
2 7
1 11
1 10
3 2
2 10
1 17
2 10
2 15
4 0
1 8
3 8
4 1
1 13
2 11
4 1
5 2
2 9
5 2
1 8
2 5
1 9
3 5
1 7
3 4
2 11
1 7
5 6
2 4
1 11
3 2
1 56
1 10
2 19
3 0
4 1
4 0
1 4
1 7
4 2
1 11
1 7
1 7
1 6
5 7
2 1
5 6
1 15
3 2
2 5
4 0
2 5
2 4
5 3
2 4
1 7
2 5
1 7
4 2
4 4
4 0
2 5
5 0
5 6
1 8
3 1
5 5
1 5
5 2
1 7
2 6
1 9
3 1
2 5
3 0
3 3
4 2
4 4
1 21
3 2
4 5
4 2
4 2
3 4
2 6
1 13
3 3
4 3
4 4
2 6
2 8
1 10
2 10
1 12
1 13
3 4
3 2
2 5
1 5
1 6
1 16
1 17
3 4
2 5
3 2
2 9
4 0
2 5
2 4
4 2
3 4
5 2
1 9
1 8
3 2
1 14
1 8
2 7
5 1
3 6
1 21
5 8
4 3
5 5
1 9
2 9
4 3
1 15
1 10
2 6
1 11
1 9
2 9
1 95
2 6
1 16
2 4
4 4
4 3
1 12
2 18
1 7
1 3
1 7
4 1
2 4
2 2
2 6
2 7
4 2
1 2
2 1
2 1
1 1
2 3
1 4
5 6
3 5
1 7
4 2
1 7
1 8
5 8
4 2
1 8
5 1
4 0
1 15
2 4
2 2
1 14
1 9
4 4
4 3
4 1
1 7
1 7
1 7
1 10
1 10
1 14
1 26
1 10
2 2
1 5
1 3
4 12
4 2
3 3
1 5
3 3
4 77
1 4
2 3
1 23
4 0
3 1
4 2
2 3
5 0
2 3
1 13
5 3
5 0
1 13
1 9
1 9
4 1
2 7
1 7
1 12
1 6
4 3
5 4
1 7
3 4
1 4
4 4
4 1
4 2
5 6
1 2
1 8
2 3
4 1
1 10
3 1
1 7
1 6
1 9
4 7
4 5
5 6
1 7
4 5
1 9
2 6
2 5
2 2
2 5
1 4
1 2
3 3
4 3
4 1
4 259
3 1
3 4
5 2
1 5
2 5
2 6
5 3
2 7
1 2
2 6
1 8
1 6
3 32
1 3
3 4
3 5
3 0
3 2
3 1
3 4
2 2
1 5
1 1
3 0
3 2
5 0
2 7
2 4
1 5
3 2
1 7
1 1
2 2
5 2
4 1
3 0
2 1
4 6
3 2
2 0
3 0
2 2
4 0
2 1
4 1
4 3
2 2
1 2
1 0
1 5
1 8
1 3
2 1
3 1
4 0
1 4
2 10
5 5
1 7
1 1
4 2
1 4
1 1
5 0
2 2
1 8
5 3
1 2
2 2
2 5
3 2
1 3
2 10
2 6
1 7
4 1
1 3
1 8
2 5
2 1
1 0
2 1
3 0
1 5
3 0
2 1
2 2
1 18
1 8
1 2
2 2
1 2
3 2
1 3
5 4
2 2
2 2
2 1
2 1
1 3
4 4
1 1
2 1
1 7
1 1
1 3
1 2
4 1
2 3
2 2
1 7
4 0
1 3
3 2
3 1
4 6
5 6
1 3
4 5
2 6
1 6
2 3
1 4
2 1
3 1
2 2
1 3
1 4
4 6
1 5
1 5
2 6
3 3
1 6
1 10
1 7
1 5
3 4
1 4
4 5
1 4
1 6
1 3
4 9
1 9
4 1
1 5
2 10
3 14
3 0
1 4
5 2
1 6
1 2
5 1
1 2
5 7
4 1
2 3
2 8
5 1
2 4
5 3
1 7
1 1
4 1
1 6
1 8
1 7
2 1
1 9
2 28
1 6
1 6
3 4
1 5
1 6
2 2
4 10
1 2
1 5
5 3
3 1
3 1
5 3
5 5
2 5
1 5
5 0
4 1
2 6
3 5
1 3
2 3
1 8
2 3
2 4
5 5
2 6
4 13
1 7
5 6
2 4
5 1
1 6
5 0
2 5
1 13
2 2
5 0
2 3
1 10
1 9
3 3
2 4
1 5
3 2
5 1
1 4
2 4
4 1
1 31
1 11
2 41
3 8
4 3
1 5
4 1
1 7
1 3
2 4
1 25
1 3
4 10
1 2
3 3
1 14
2 5
1 7
1 10
1 7
1 3
5 4
2 3
3 5
1 4
1 8
1 5
2 6
2 5
3 10
2 5
2 8
3 4
2 33
4 9
2 7
4 2
2 6
2 5
1 28
3 5
1 7
1 10
1 8
5 3
1 10
1 12
4 3
2 4
2 8
2 8
3 7
1 15
1 7
4 6
5 8
1 7
3 2
1 9
4 22
2 4
2 5
2 10
1 7
1 6
2 5
2 5
5 6
2 4
5 1
2 2
3 2
1 7
1 9
4 8
2 2
4 3
2 3
5 1
1 9
3 41
3 4
1 7
4 2
1 46
3 2
2 3
1 8
1 37
1 4
2 8
1 4
4 3
2 2
2 6
3 5
4 10
2 18
3 10
1 17
2 29
5 3
4 10
2 7
5 15
3 4
3 4
4 6
5 1
1 10
4 3
2 8
5 6
5 11
2 7
4 2
5 1
5 2
2 2
1 20
5 1
2 5
4 0
5 0
4 1
4 1
2 12
5 0
5 17
5 18
5 7
5 3
3 0
2 6
5 2
2 5
2 21
1 4
5 2
5 8
4 13
4 2
1 10
3 7
5 2
5 1
5 14
4 5
3 5
5 13
4 4
5 2
5 11
1 7
4 1
1 7
2 10
4 3
5 6
5 0
2 0
1 5
1 13
4 9
5 0
5 3
5 11
5 8
4 7
4 6
5 13
1 23
5 15
5 140
5 23
