4 2
4 0
3 1
5 0
4 0
5 0
4 0
5 0
4 0
5 1
5 2
5 0
5 0
5 0
5 0
5 0
4 0
5 0
5 0
5 1
4 1
5 1
5 1
5 0
5 0
4 0
4 1
1 7
3 1
5 1
5 2
5 2
4 0
5 0
3 3
5 1
3 2
5 0
5 1
5 0
5 0
5 0
3 1
1 8
2 4
4 0
5 0
5 0
5 0
5 0
4 1
5 0
5 0
5 0
5 0
5 0
5 1
5 0
4 1
2 7
4 0
5 0
3 0
5 0
4 0
3 1
5 1
5 0
4 1
4 0
5 0
5 3
4 0
5 0
2 1
3 1
5 0
5 1
5 2
5 0
5 0
5 1
5 0
4 1
5 0
5 0
4 1
5 1
5 0
5 1
5 1
5 1
5 1
5 0
1 11
2 3
4 1
1 14
3 0
4 0
4 1
5 0
1 11
5 0
5 0
5 0
4 0
2 0
4 0
1 13
5 2
3 1
5 2
5 1
1 13
5 1
5 2
5 0
1 14
4 1
1 65
4 1
5 0
3 0
5 0
4 0
5 1
5 2
5 1
5 1
1 10
5 1
3 1
5 0
5 1
5 0
5 1
4 1
5 0
5 0
4 1
4 0
2 2
2 2
4 0
5 0
5 0
4 1
2 1
5 1
5 0
5 0
3 1
5 0
5 0
4 0
5 0
4 1
5 0
5 1
5 0
5 0
5 0
5 0
5 0
4 0
5 0
4 0
5 0
5 0
1 6
5 1
4 0
4 0
5 1
5 1
5 0
5 0
5 1
5 1
5 0
1 5
5 0
1 1
1 4
4 1
4 2
4 1
4 1
4 2
5 0
4 0
5 0
5 0
5 0
1 7
5 0
5 0
5 1
5 0
5 1
5 0
5 1
4 1
4 0
5 1
4 0
5 0
5 0
2 4
2 1
5 1
5 0
5 0
5 2
3 0
5 1
5 2
5 0
5 0
5 0
1 7
2 4
5 1
4 0
4 0
5 1
4 1
5 1
5 0
5 0
5 0
5 0
5 0
4 0
4 1
4 0
4 1
4 2
5 1
4 0
5 0
5 3
4 0
5 1
5 0
1 11
5 2
5 0
5 1
5 2
5 0
2 2
5 0
4 0
5 0
4 0
5 0
5 0
1 15
3 0
5 0
5 1
5 0
5 1
4 0
5 0
5 0
5 0
5 0
5 1
5 0
5 1
5 0
4 2
5 0
4 0
4 0
5 0
4 0
5 2
5 0
5 0
5 0
5 0
4 0
5 0
4 0
5 0
4 0
5 1
5 1
5 1
4 0
3 1
5 0
5 0
5 1
5 1
1 6
3 0
2 3
5 0
5 0
5 0
4 0
5 0
5 0
5 0
1 4
5 0
5 0
4 2
5 1
3 0
5 0
5 0
5 0
5 1
2 1
4 1
4 1
4 0
5 0
5 0
4 0
5 0
4 0
5 0
5 0
5 0
5 0
5 0
5 0
5 1
5 1
5 3
3 2
4 0
4 1
5 0
5 2
5 1
5 1
5 0
4 0
5 1
5 0
5 0
5 0
2 5
5 0
5 0
5 0
5 2
4 0
5 0
5 0
5 0
4 1
5 2
4 11
5 1
5 1
5 1
5 3
5 1
4 0
4 1
4 1
5 0
4 0
5 4
4 0
5 1
5 0
5 0
5 0
4 2
4 0
5 0
4 0
5 0
5 0
4 0
4 0
2 1
4 0
4 0
5 1
3 3
5 0
3 1
5 2
4 0
5 0
2 1
5 0
5 0
5 1
4 0
5 0
5 0
5 0
4 0
4 0
5 1
5 1
3 9
4 1
5 0
5 0
5 2
5 0
5 1
5 0
4 3
4 1
5 1
5 0
3 0
5 1
5 6
5 0
2 2
5 1
4 0
4 1
5 5
5 1
3 2
3 1
5 0
4 1
5 0
4 0
3 15
4 1
5 2
3 1
5 0
5 0
5 0
4 0
5 0
5 0
5 6
4 0
5 0
5 0
5 6
4 1
5 1
4 0
5 0
4 8
5 1
5 0
4 1
1 4
5 1
5 42
5 0
5 0
5 0
5 0
1 20
5 1
5 0
3 0
5 1
4 0
5 3
5 3
5 0
5 11
5 1
5 0
1 5
4 0
5 0
5 1
3 0
5 0
4 0
3 1
4 0
4 0
4 1
5 1
3 1
5 3
5 0
2 2
2 3
5 0
2 1
5 2
5 4
3 1
2 1
3 1
4 0
4 0
4 2
5 1
5 1
4 1
5 0
5 1
5 0
5 0
2 3
4 0
5 1
5 2
5 11
4 5
5 0
5 1
4 1
5 0
5 0
5 0
5 9
4 2
5 0
3 2
5 0
3 2
4 0
5 1
5 4
5 0
3 0
5 0
5 0
4 1
5 0
5 0
5 0
5 0
5 0
4 0
4 0
4 1
5 0
1 5
5 7
4 15
4 3
4 5
5 0
5 0
5 0
5 0
5 1
5 0
3 2
5 0
5 0
4 1
5 0
4 6
4 1
4 0
5 0
5 0
4 0
4 0
4 2
5 0
4 0
4 2
5 0
1 11
5 0
5 1
5 0
5 101
5 7
3 3
5 0
5 2
5 2
5 0
5 15
3 7
5 1
4 0
5 2
5 1
5 1
5 1
5 0
5 3
5 1
4 0
5 13
5 1
5 8
5 0
5 2
5 4
5 1
4 0
5 2
4 3
5 1
5 9
4 2
5 2
5 0
5 8
2 3
