5 2
5 0
3 10
3 30
3 0
5 8
5 4
3 60
5 0
1 29
4 0
1 88
1 108
4 12
4 17
5 10
3 31
5 6
5 3
4 5
5 37
3 19
3 0
5 13
5 8
5 23
3 35
3 11
4 3
3 41
4 30
5 17
5 23
2 194
5 6
4 4
4 11
5 28
3 14
3 38
4 3
5 9
1 64
4 16
4 19
1 89
5 24
5 15
4 26
5 8
1 132
4 12
2 1122
3 27
5 9
3 16
4 13
1 85
1 49
4 18
1 1
3 8
3 9
4 81
2 127
4 26
3 5
4 35
5 26
3 50
2 61
4 8
3 9
1 81
1 22
3 25
3 12
1 26
1 51
5 19
5 13
5 5
5 7
4 6
3 13
1 63
5 4
1 48
5 5
2 18
2 17
5 5
5 24
4 7
5 10
5 10
5 3
5 4
5 1
4 7
5 18
5 5
1 33
2 9
3 8
1 29
4 3
4 2
1 32
1 38
1 47
1 29
3 3
5 3
5 2
1 14
5 5
5 4
5 5
3 6
4 7
5 6
4 1
4 12
5 4
2 15
1 31
5 4
1 59
3 5
2 10
5 2
3 5
1 19
3 4
2 5
5 3
3 4
3 8
2 10
3 4
1 60
5 2
1 27
2 16
3 7
5 2
3 8
3 6
2 15
5 5
3 7
4 1
2 3
4 1
4 3
1 35
5 2
5 2
1 37
3 5
5 1
2 208
3 5
1 37
5 5
1 47
4 1
1 27
5 2
5 2
3 6
5 2
5 3
5 1
1 15
4 2
5 2
5 3
5 5
1 14
5 8
4 3
3 7
1 30
4 2
2 23
2 7
5 7
4 6
1 31
1 16
5 3
1 32
5 1
1 17
5 1
5 1
2 5
2 6
1 26
1 14
4 4
5 4
5 1
5 1
3 6
5 2
5 4
5 2
3 9
5 1
1 17
1 26
5 1
5 1
2 9
4 3
3 6
4 1
4 1
5 3
1 20
1 15
1 51
2 8
2 11
2 11
1 37
5 1
4 3
3 2
2 4
3 1
4 1
5 1
5 2
5 3
1 36
2 6
3 5
4 1
1 19
4 1
1 105
5 2
4 1
5 2
2 2
3 4
4 4
1 30
2 17
1 15
3 36
1 16
1 7
4 2
1 21
5 2
4 1
1 10
5 1
2 7
4 0
2 4
5 4
5 1
5 3
1 13
1 18
4 1
5 1
1 6
5 3
3 3
3 4
1 23
3 8
1 12
2 2
1 14
1 33
5 2
3 3
5 3
4 2
5 2
1 10
1 18
5 1
5 4
4 1
1 78
1 11
5 1
5 5
5 1
1 21
3 2
2 7
1 24
2 7
4 1
5 3
3 0
3 5
3 6
5 4
3 2
1 11
1 7
3 6
5 1
4 7
1 16
5 7
2 10
4 1
4 3
2 12
2 17
5 1
1 25
1 16
5 2
5 2
4 3
3 0
1 9
1 19
1 16
2 11
5 9
3 9
5 3
1 22
5 2
3 5
2 7
1 12
2 5
3 2
5 2
2 10
1 35
5 3
1 34
2 7
5 4
3 0
3 3
5 4
1 9
1 20
1 15
3 1
4 1
1 18
4 11
1 17
5 1
5 3
5 8
5 1
3 1
1 26
1 10
3 8
5 3
5 1
5 1
5 25
1 14
2 6
5 2
3 5
5 0
1 20
5 5
2 5
1 210
1 7
1 22
1 12
1 12
5 3
5 3
1 10
2 6
5 13
5 1
3 4
4 4
1 19
3 1
2 3
2 7
5 2
1 4
3 1
3 1
2 5
1 7
1 12
1 14
2 0
5 2
1 2
1 5
5 3
5 6
5 3
3 3
5 4
5 2
2 4
5 2
1 11
5 6
3 2
1 14
1 6
2 2
4 2
5 1
4 2
1 12
5 2
1 12
5 3
2 8
5 2
2 2
3 2
5 3
4 1
5 3
5 2
5 2
2 15
5 2
3 1
5 2
5 3
5 4
2 5
1 3
5 1
5 1
4 3
1 5
5 2
2 0
3 4
4 2
1 3
5 2
4 0
1 12
4 1
5 0
1 12
2 12
5 0
4 0
1 8
5 3
4 1
4 1
1 12
5 1
1 6
1 10
5 5
5 0
5 2
4 1
4 1
1 18
3 1
1 45
3 2
1 9
5 4
5 0
1 12
5 3
1 15
4 2
1 14
3 3
1 17
2 4
4 2
3 2
4 0
2 8
3 2
5 1
1 9
5 2
1 9
1 12
5 1
4 1
5 0
1 20
5 2
5 2
5 0
1 12
2 3
3 3
2 7
5 1
1 9
5 2
1 21
3 1
1 10
5 1
1 10
2 0
3 10
5 1
1 11
1 13
5 1
5 0
5 3
4 1
5 4
1 5
2 6
3 3
2 2
5 1
1 19
5 1
4 1
5 1
2 10
4 1
5 2
4 26
3 2
5 1
5 1
3 1
3 3
5 3
1 13
5 3
5 2
1 12
4 0
5 3
1 4
5 2
4 2
1 8
4 0
3 6
5 0
4 0
3 4
5 1
4 2
4 0
1 13
2 7
5 1
2 3
2 0
5 0
3 2
4 3
2 10
1 13
4 0
1 7
5 0
5 1
5 0
5 1
5 0
4 1
5 0
3 2
1 12
5 1
1 10
1 23
2 2
4 3
5 2
1 10
1 11
4 0
3 1
5 0
1 17
5 0
5 2
5 1
2 3
3 2
5 1
2 8
2 5
3 0
1 5
1 6
5 0
5 1
5 1
4 1
2 4
2 10
1 5
1 9
5 2
2 7
3 0
2 3
1 4
3 0
2 1
4 1
5 2
1 15
2 2
1 5
5 0
5 0
5 2
2 6
4 1
1 6
4 1
5 2
5 10
5 2
2 7
1 19
1 9
4 2
1 5
5 4
5 2
1 3
5 3
5 0
1 4
1 26
2 6
1 9
1 5
3 2
4 1
3 0
3 5
2 7
4 3
3 1
2 4
5 0
5 7
4 2
1 14
2 11
1 6
5 0
3 0
1 9
2 0
1 8
5 1
4 1
2 10
2 5
5 1
5 1
1 8
5 1
5 0
5 1
3 3
5 2
1 1
3 0
1 1
5 1
1 9
1 4
2 5
3 0
5 1
2 0
5 1
4 1
5 1
5 1
5 1
5 1
3 2
2 1
4 2
5 4
2 15
5 4
5 2
5 2
1 10
5 3
4 2
1 4
2 10
4 1
4 3
1 4
2 0
3 6
4 0
3 5
1 10
3 3
1 5
1 3
3 2
5 2
5 0
4 4
3 4
1 9
4 7
5 0
2 20
3 2
5 0
1 1
4 0
5 0
4 1
5 1
5 0
3 2
5 1
1 7
4 0
2 1
5 0
3 3
5 2
4 0
3 7
5 3
4 1
5 2
4 6
5 3
4 0
1 8
1 7
2 2
1 9
2 2
2 2
5 2
3 0
1 7
3 2
3 6
5 2
3 5
5 1
1 6
5 3
5 0
3 4
1 21
5 0
1 16
1 7
4 1
5 1
3 3
3 3
5 1
4 5
4 1
2 4
4 9
5 1
5 1
5 3
5 1
1 18
5 0
2 6
5 4
5 8
1 5
3 7
2 3
5 2
3 3
1 13
5 2
3 1
5 0
5 0
5 1
5 4
2 13
3 7
5 2
5 2
5 2
4 2
4 1
1 7
5 1
1 16
5 1
4 1
5 2
4 1
4 2
2 11
3 3
3 2
5 2
1 8
4 1
1 5
1 6
4 3
4 3
4 1
1 11
3 2
5 2
4 4
4 1
4 0
5 1
1 7
2 6
1 2
5 1
1 6
4 1
2 4
4 2
3 1
4 2
5 3
4 1
5 0
5 0
5 9
5 4
1 9
5 5
1 18
2 7
5 2
5 0
5 2
3 10
5 2
5 2
1 12
4 1
2 5
4 1
1 5
1 18
1 11
3 8
2 8
4 2
4 3
2 8
1 8
1 9
1 8
3 0
4 2
3 6
3 6
5 8
5 3
4 0
5 8
3 2
4 9
5 0
1 14
5 5
3 3
2 9
1 5
3 2
1 16
5 1
5 1
5 2
1 14
2 27
5 3
1 5
4 8
4 1
3 0
4 5
5 2
5 2
5 2
3 4
5 1
2 30
5 0
5 2
1 49
5 0
5 2
1 11
4 1
3 1
2 2
5 1
1 14
2 8
3 3
2 4
3 3
5 0
1 3
5 7
5 4
1 12
3 1
3 0
3 7
4 2
3 7
5 1
3 0
3 0
1 10
1 14
1 17
1 15
5 0
3 2
2 5
4 2
1 11
2 8
5 21
1 1
1 10
4 5
4 2
4 3
5 1
1 18
4 6
5 2
1 9
5 3
1 11
4 0
2 8
4 32
5 1
4 1
1 13
1 7
4 4
4 2
2 1
2 14
2 1
5 3
1 6
4 3
2 8
3 3
5 1
1 23
3 2
4 9
1 11
3 5
5 2
5 3
4 3
5 1
2 3
2 19
5 3
5 2
5 1
1 11
2 4
4 1
3 3
2 5
5 0
1 3
1 2
3 4
4 2
4 3
3 0
4 1
4 1
2 5
4 5
3 2
1 8
5 4
1 3
2 6
2 4
1 8
1 8
2 7
5 3
5 2
1 4
1 4
5 5
1 3
2 5
3 2
1 8
5 1
1 2
2 4
5 3
2 2
1 8
5 2
5 2
5 2
1 9
4 1
3 3
3 3
2 1
1 4
5 0
1 5
4 19
5 0
5 2
3 6
1 12
1 12
4 5
5 2
3 5
3 2
1 4
5 8
5 5
4 3
1 10
1 8
1 14
1 7
5 5
4 1
1 16
4 1
3 7
5 4
2 2
4 2
5 5
4 2
1 4
5 16
5 5
4 2
2 8
2 13
1 7
5 2
5 3
5 3
4 10
5 2
1 10
5 5
1 26
2 5
1 0
4 1
5 1
5 3
2 4
5 3
4 4
4 3
3 3
3 6
2 6
5 1
3 3
5 0
2 8
3 2
3 9
1 6
4 4
5 1
3 2
1 1
5 1
3 2
2 9
2 7
5 0
1 2
1 23
1 5
4 0
5 0
1 2
5 0
3 3
3 3
5 2
3 0
1 8
5 0
3 2
3 2
5 4
5 0
4 1
5 1
1 1
5 1
5 0
5 0
5 0
5 0
4 3
4 0
2 1
1 9
5 0
3 1
4 2
1 3
5 0
1 2
5 0
1 0
5 0
4 3
3 2
5 2
2 3
2 17
5 2
5 5
1 0
5 2
4 5
1 1
5 1
5 4
2 5
5 4
2 4
1 12
5 2
5 2
1 10
5 4
4 0
5 2
4 9
2 7
1 4
5 3
2 4
1 12
4 2
5 1
1 17
5 2
5 3
4 4
5 2
5 2
4 2
4 4
5 2
2 5
2 5
5 1
5 0
4 6
5 1
2 9
5 2
5 1
2 2
4 0
4 1
2 2
5 3
4 2
4 8
5 1
5 1
4 2
2 1
2 2
1 6
2 5
4 5
4 5
5 5
5 2
5 3
5 0
1 0
5 1
1 7
3 1
3 4
5 0
2 2
5 0
5 3
1 6
5 10
1 4
5 4
1 6
1 11
1 4
3 7
1 8
5 0
3 5
5 4
5 2
1 13
4 3
5 5
5 0
3 4
2 14
2 17
4 1
4 0
5 2
5 0
4 1
3 0
4 1
5 2
1 7
5 7
5 2
5 2
3 4
3 2
4 1
1 13
5 2
4 5
5 1
5 1
1 7
5 2
1 11
4 1
4 3
4 0
1 3
4 0
1 15
5 3
1 11
1 7
5 1
5 2
5 1
3 2
5 1
1 24
5 0
5 1
5 2
5 3
4 1
2 5
1 6
4 1
4 3
3 8
3 12
1 11
5 1
5 0
5 1
5 7
1 6
4 0
3 15
4 0
5 0
5 0
4 2
2 2
5 1
3 3
1 8
2 9
4 3
5 0
5 1
1 11
4 1
3 1
1 9
5 3
5 0
5 1
5 0
1 14
5 0
3 10
4 7
1 6
5 7
5 3
5 2
5 7
5 3
1 6
1 8
5 2
5 2
1 15
1 16
2 10
5 4
2 2
5 7
5 3
5 2
1 4
5 3
4 1
5 4
5 2
1 6
1 3
3 8
5 1
1 9
5 1
1 16
2 0
2 3
1 6
3 0
5 3
2 4
5 2
5 3
5 1
1 4
5 2
3 4
5 2
1 2
3 7
5 0
5 2
3 0
2 2
5 2
5 1
5 2
5 0
5 1
5 1
4 1
5 1
5 1
2 9
4 4
2 3
2 7
1 11
5 1
5 1
3 4
1 11
5 1
5 2
4 3
5 2
4 5
1 7
5 1
4 0
2 4
5 0
3 2
5 1
1 7
4 0
5 1
3 2
4 3
1 5
5 2
5 0
5 1
5 9
3 6
2 4
3 23
3 2
1 13
1 4
3 2
4 2
1 2
4 3
4 2
5 1
5 2
3 4
5 1
5 1
5 0
3 4
4 0
5 2
4 1
5 3
3 1
5 2
1 4
2 0
5 0
3 0
5 0
4 0
2 4
2 4
5 0
2 2
3 6
4 2
1 6
5 1
1 14
3 1
5 5
5 2
5 2
1 1
1 6
5 0
2 0
5 1
5 1
2 4
5 1
2 0
5 1
1 8
5 0
4 38
5 1
5 3
3 3
4 4
1 12
5 2
5 0
1 2
1 18
5 0
5 1
4 2
5 2
2 6
2 20
2 0
2 3
3 6
5 1
5 2
2 8
5 2
5 3
1 15
1 9
1 9
5 0
3 10
1 18
5 1
3 2
5 7
4 2
3 26
1 3
5 2
2 3
4 8
3 4
2 7
1 8
5 1
3 3
5 4
4 0
4 1
5 2
5 1
1 1
5 2
5 1
5 4
1 3
1 14
2 5
5 10
1 9
4 1
5 3
4 0
5 2
1 28
2 3
5 3
5 8
1 13
5 4
5 1
5 1
2 12
5 2
2 7
3 6
4 1
4 0
3 2
5 2
5 0
5 0
3 4
4 1
2 1
3 1
4 0
2 7
2 3
1 11
2 10
3 4
3 6
3 2
4 0
5 0
5 1
5 1
1 5
5 2
5 1
5 1
3 3
5 2
5 2
5 0
5 1
4 3
4 1
5 0
5 3
5 0
5 5
1 7
3 3
5 0
1 8
4 4
1 3
1 27
4 2
5 2
4 428
2 5
4 3
5 4
4 1
3 2
4 1
5 5
5 0
4 3
5 1
4 2
5 1
2 17
4 7
5 4
5 3
1 2
3 1
5 2
5 1
4 4
3 7
5 1
5 4
1 7
5 1
4 1
5 1
5 0
1 9
1 23
1 2
3 5
3 1
5 0
5 2
5 1
5 1
5 2
1 5
2 10
5 0
1 9
1 2
2 8
1 6
3 3
5 0
1 40
2 1
4 1
5 0
1 8
5 1
5 3
3 0
5 2
2 3
3 2
5 0
5 1
5 1
1 12
2 2
2 6
4 9
5 1
3 3
4 1
5 1
4 5
5 2
5 0
5 1
2 7
3 1
4 0
5 0
5 0
2 2
3 1
5 0
5 2
4 1
5 12
2 5
5 0
5 258
3 0
4 2
1 7
1 14
1 6
5 3
5 2
5 1
2 8
5 0
4 1
5 0
5 1
3 7
5 1
1 9
5 2
3 2
1 1
3 8
4 8
1 13
5 0
1 15
5 0
1 9
1 13
5 2
5 1
1 188
5 1
1 47
5 1
1 6
3 5
5 0
4 1
1 23
1 9
1 20
1 12
5 1
5 14
2 6
4 1
1 8
1 12
1 8
2 19
2 12
2 4
4 1
5 1
5 0
2 12
5 2
5 0
3 1
5 1
3 5
4 2
1 6
1 11
5 48
5 0
1 13
5 1
3 9
4 5
1 18
1 21
4 0
2 38
5 0
5 1
3 5
2 6
3 3
5 0
5 1
2 9
5 0
1 7
5 0
1 33
5 3
4 7
3 0
2 5
4 1
1 9
5 5
1 2
1 3
5 0
5 0
4 0
5 1
5 0
3 1
5 0
1 17
5 1
5 0
5 2
3 0
5 0
1 8
5 0
4 0
3 3
2 5
1 6
5 2
3 3
5 0
5 0
5 0
2 3
1 75
5 9
5 0
2 3
5 0
5 0
2 8
1 9
1 4
4 1
1 3
2 38
5 0
5 0
1 10
4 2
5 1
2 4
2 10
1 9
3 1
5 0
3 5
5 0
3 3
3 3
3 7
5 0
4 5
5 1
3 1
3 17
1 5
3 4
5 1
5 0
5 1
5 0
5 0
5 2
5 1
5 0
5 0
5 0
4 2
4 1
5 5
4 1
5 1
5 0
4 0
5 2
5 0
5 1
2 5
1 6
5 1
3 2
1 2
5 1
2 3
1 6
3 12
5 0
5 1
1 4
1 9
3 1
5 0
1 5
5 0
2 3
3 0
3 0
1 22
5 0
2 3
5 0
1 7
5 0
5 0
2 2
3 2
5 0
4 0
4 0
1 4
2 1
5 0
5 0
5 0
4 0
5 0
5 0
5 0
1 0
4 0
1 4
1 6
5 0
5 0
4 0
5 0
1 3
1 83
5 0
5 0
5 0
5 0
4 0
4 2
2 4
5 4
4 0
1 1
4 0
4 0
3 0
5 0
5 0
5 0
5 0
5 0
2 2
1 0
1 1
5 0
1 5
4 0
5 0
1 8
5 0
5 0
1 4
4 2
3 0
4 0
1 19
4 0
5 0
3 0
5 0
3 0
3 1
3 0
1 0
4 0
1 0
4 0
5 0
1 2
2 6
5 0
5 0
5 34
4 0
3 4
2 26
2 1
1 1
2 56
5 2
1 66
5 3
5 2
5 4
5 1
5 5
5 1
4 3
5 3
5 2
5 1
4 0
5 3
5 1
3 1
1 2
3 4
1 3
5 1
5 0
3 1
5 1
3 2
5 2
4 4
5 9
4 4
3 3
5 1
5 12
5 0
5 0
1 7
1 10
4 5
4 4
5 0
5 1
3 3
4 2
1 12
5 0
5 0
1 3
5 1
3 2
5 2
5 0
5 4
5 0
4 0
5 0
4 0
5 0
5 0
1 8
4 0
1 8
1 4
5 2
4 1
4 1
4 1
1 23
4 0
5 0
3 2
3 1
5 4
2 5
2 5
5 3
5 1
5 0
5 0
2 2
1 8
3 3
5 0
3 0
5 0
5 1
3 0
5 0
4 5
4 1
4 8
2 7
5 0
1 8
4 2
4 1
1 8
5 1
5 2
5 0
3 2
2 13
5 0
3 4
1 9
3 2
5 1
5 1
2 10
2 8
5 1
5 6
2 3
5 0
1 4
5 2
2 1
3 2
4 0
2 4
5 0
5 0
3 10
3 3
4 6
5 0
5 0
5 0
4 0
5 2
5 0
5 0
5 0
5 0
4 1
2 7
5 0
5 0
1 1
3 1
5 0
3 0
5 1
3 9
5 0
2 0
5 0
2 2
1 1
2 0
5 0
5 6
1 11
5 4
2 6
5 7
5 3
2 20
5 3
4 4
5 2
1 4
5 4
2 6
5 1
2 4
5 1
5 8
5 2
5 0
5 3
2 5
4 0
4 0
2 2
5 2
3 0
5 0
3 2
5 0
2 4
5 5
5 1
5 0
3 1
5 0
1 4
5 0
5 0
5 0
2 2
5 0
5 0
5 0
5 0
5 5
5 0
4 0
5 0
1 18
5 0
1 10
1 1
5 0
4 2
5 0
5 0
5 0
1 1
1 3
2 3
1 4
3 0
5 1
2 5
5 0
5 0
5 1
5 1
3 0
5 0
5 3
5 0
4 0
4 3
5 0
4 1
2 0
5 0
5 0
5 0
4 2
3 5
3 2
4 0
4 0
5 1
3 0
5 1
4 1
5 1
5 0
2 0
5 1
5 0
5 0
5 0
4 0
1 0
5 0
4 0
2 0
5 0
5 0
4 0
5 0
5 0
5 0
4 0
5 0
3 0
3 1
5 0
5 0
4 1
3 0
5 0
3 0
5 0
5 0
1 4
5 0
1 1
5 0
5 0
4 0
5 0
5 0
5 0
4 0
4 0
5 0
5 12
3 0
2 2
3 0
1 15
5 26
5 0
1 25
5 0
1 0
5 10
5 24
3 0
5 0
5 2968
5 0
1 14
5 28
5 98
3 76
5 4
3 5
3 13
5 2
5 1
4 1
2 5
5 0
1 8
5 1
5 0
4 1
3 65
5 1
4 1
5 0
4 3
4 1
5 3
5 50
3 5
5 3
5 1
3 14
5 15
3 12
5 3
5 2
5 3
3 3
5 0
5 1
5 0
5 0
5 1
5 8
5 0
5 3
5 2
5 0
5 1
5 0
5 0
5 0
4 0
4 10
3 0
3 0
1 5
5 11
5 4
3 0
5 0
5 0
5 0
3 1
5 0
3 6
1 5
5 0
5 1
5 1
3 16
3 0
1 7
5 1
5 5
5 0
5 1
5 0
5 0
5 0
2 0
5 0
5 1
1 8
5 0
5 0
5 1
4 2
5 11
2 2
5 0
5 30
5 1
5 9
5 11
2 3
3 62
5 8
5 3
2 0
1 16
5 7
4 16
5 2
3 0
4 1
5 3
2 2
4 2
5 2
5 2
5 2
5 2
5 0
5 14
1 0
4 0
1 14
3 2
3 0
1 4
5 0
5 1
4 1
1 11
4 1
3 1
1 21
5 0
5 0
3 0
4 0
4 0
5 8
3 0
5 0
4 1
5 8
1 3
1 4
2 2
4 2
5 0
5 3
4 3
1 9
5 4
5 11
4 4
5 2
3 2
5 13
2 37
5 11
4 18
2 9
1 15
5 1
1 18
4 7
5 3
2 0
5 5
3 3
3 0
3 1
3 2
4 4
4 2
4 8
5 1
4 3
5 3
5 0
3 1
3 3
2 0
1 9
5 0
5 2
5 4
3 7
1 38
5 1
1 36
5 0
5 20
5 14
5 3
5 5
5 3
3 2
5 3
5 318
5 3
5 2
3 9
5 2
4 1
1 9
3 3
4 0
4 2
1 31
3 3
5 10
5 1
5 10
5 7
4 4
5 1
5 4
5 33
4 2
5 3
5 1
3 7
5 1
3 4
3 11
5 1
5 1
5 6
2 10
4 169
4 0
2 8
5 5
4 2
5 1
4 0
2 7
4 3
5 4
5 1
3 8
4 9
2 10
5 0
5 42
5 4
5 0
5 0
4 0
5 2
5 0
5 7
5 0
5 1
5 13
5 31
5 1
5 1
5 0
2 7
4 2
5 2
1 6
4 0
3 4
5 0
5 0
5 0
5 1
1 26
5 0
3 1
5 1
5 1
5 0
3 9
5 1
5 4
5 0
5 0
5 1
4 0
5 0
5 4
5 5
5 1
5 16
4 2
5 32
5 1
5 0
5 2
1 20
4 1
1 26
5 1
5 4
5 0
2 5
5 18
1 255
5 14
2 2
5 3
5 2
5 5
5 6
1 14
5 26
5 1
5 1
2 17
5 6
4 6
5 2
5 16
5 1
5 1
5 49
