5 3
5 1
5 7
1 10
3 2
5 2
4 0
5 1
5 2
5 1
5 1
5 2
1 28
5 0
5 1
4 0
5 1
1 12
5 0
5 1
5 0
5 0
5 0
5 0
5 0
5 0
5 0
4 1
5 0
5 1
5 0
5 0
5 0
4 0
5 0
5 0
5 1
5 0
5 1
5 0
5 1
5 1
5 2
1 19
3 1
1 12
5 1
5 0
5 0
5 0
4 0
3 0
5 1
5 3
5 0
1 5
5 2
5 0
5 0
5 0
5 0
5 0
5 0
5 8
2 1
5 0
5 0
2 0
5 0
4 2
5 0
5 0
5 0
5 0
4 0
5 0
4 0
5 0
5 0
5 0
5 0
4 0
5 0
5 1
4 0
5 0
5 0
5 2
3 1
5 2
3 2
5 0
5 0
5 0
5 1
5 13
2 0
5 0
3 14
5 0
5 0
5 0
5 1
5 0
5 0
5 5
5 0
5 1
5 0
5 0
5 1
5 0
4 3
4 1
4 0
5 0
3 3
5 4
5 2
3 1
5 1
5 1
5 1
5 1
5 0
5 0
5 3
5 2
5 2
5 2
5 0
5 1
4 1
3 1
5 0
5 0
5 0
5 0
5 0
3 0
5 0
5 0
5 0
5 3
4 0
5 0
4 0
5 0
5 0
5 2
4 0
5 0
4 0
5 1
4 0
5 0
4 1
5 0
5 0
5 0
1 3
5 0
5 1
5 0
4 0
4 17
5 2
5 1
5 0
5 1
4 1
3 6
5 1
5 2
5 0
5 1
5 1
4 2
1 38
4 1
5 0
4 1
4 1
5 0
4 0
4 0
5 0
2 0
5 0
5 0
5 0
5 16
5 0
5 0
5 0
4 0
5 0
5 0
5 0
5 0
5 2
5 0
5 0
4 0
5 0
5 0
5 0
5 0
5 0
5 1
5 0
5 0
5 3
5 1
5 0
5 1
5 0
4 0
5 6
5 0
4 0
4 0
5 0
5 0
5 0
5 0
5 0
5 0
5 0
4 0
4 0
5 0
4 0
5 0
5 0
4 0
4 0
5 0
3 0
4 0
3 0
4 0
5 0
4 1
4 0
4 0
5 0
1 3
4 0
5 1
5 1
5 0
5 0
3 0
5 0
5 0
5 0
5 0
5 8
5 4
2 5
4 1
2 4
5 1
2 9
5 1
5 2
5 0
4 0
4 0
5 9
5 0
5 0
5 0
4 0
5 2
3 0
5 1
4 0
5 0
4 0
4 1
5 0
4 0
4 0
5 0
5 0
5 1
5 1
5 0
5 2
5 2
4 2
4 2
5 0
5 0
5 0
5 1
4 0
5 0
4 1
2 2
4 0
5 6
3 1
5 0
4 5
5 0
5 0
5 0
5 1
5 2
5 0
5 0
5 1
5 0
5 0
5 0
4 0
5 1
5 0
5 0
5 0
5 0
5 1
5 0
5 0
5 0
5 0
5 1
5 2
1 15
4 0
5 0
1 7
3 0
5 0
5 4
4 3
5 1
5 2
4 0
4 0
1 25
5 1
4 1
4 1
5 1
1 6
2 1
5 0
5 0
4 7
5 1
5 0
5 0
5 9
5 1
4 1
5 3
4 1
5 0
4 0
5 4
4 0
5 0
3 0
5 0
5 0
4 0
5 295
5 0
4 1
4 1
5 2
5 0
4 1
5 0
5 1
5 1
5 0
3 0
5 3
1 8
5 0
5 2
5 2
4 4
4 1
5 0
5 5
5 1
4 0
1 20
2 1
5 0
5 0
5 0
2 8
4 2
2 1
1 14
2 2
5 1
1 9
5 3
4 3
5 3
5 1
5 1
4 1
5 2
5 3
4 0
3 0
1 8
5 0
1 16
4 3
4 4
1 32
2 7
5 1
5 0
5 1
5 2
3 5
5 1
5 2
5 2
5 7
5 0
4 0
4 1
4 1
5 0
5 1
5 0
5 0
5 6
4 0
5 0
5 0
4 0
5 1
5 1
5 0
5 0
5 0
5 1
5 0
5 0
5 0
4 4
5 5
4 0
4 0
5 0
5 0
4 0
5 0
4 0
1 7
5 6
5 1
5 1
5 2
5 0
5 0
5 1
5 10
5 0
5 2
5 0
4 0
5 0
5 0
5 0
4 0
5 1
4 0
5 25
5 0
5 1
4 3
5 0
5 3
4 1
5 0
5 0
5 0
3 0
5 0
5 0
5 4
5 0
5 1
5 1
4 1
5 0
5 0
5 0
5 0
5 5
5 3
4 4
2 7
5 1
5 2
2 8
2 3
4 8
5 2
5 2
1 24
5 1
5 1
5 1
5 3
5 7
5 1
5 1
2 8
4 0
5 0
5 0
5 0
5 2
5 0
5 12
4 7
4 2
5 3
2 4
3 0
5 0
5 9
1 1
5 7
4 2
5 1
5 2
5 2
5 2
5 1
4 0
5 1
5 0
5 6
5 5
1 24
5 5
3 4
5 1
4 1
5 3
5 3
4 2
5 6
5 1
4 1
5 2
5 1
4 0
2 0
4 0
4 0
5 0
4 0
4 1
1 24
4 0
1 17
5 1
5 2
4 1
4 1
4 0
5 0
5 0
1 54
5 1
5 0
1 17
3 0
5 1
1 19
5 1
5 3
5 0
1 5
5 5
5 10
5 2
5 1
5 2
5 5
1 8
2 4
5 6
5 19
1 10
1 15
4 0
5 0
4 0
2 6
5 2
1 15
5 3
4 1
4 0
5 0
5 5
5 0
5 1
1 6
5 1
5 3
4 2
5 3
5 5
5 2
5 31
5 3
5 1
5 2
5 0
5 5
5 1
5 4
1 10
5 7
4 8
5 0
1 9
5 0
5 1
5 0
1 7
5 2
5 1
5 1
4 4
5 5
5 0
5 3
5 9
4 8
5 5
4 391
5 0
5 0
5 1
3 2
5 0
5 1
4 2
1 40
5 3
5 0
5 0
1 19
4 2
5 0
1 9
5 0
5 4
5 1
5 0
5 2
4 2
4 4
4 1
5 2
3 1
4 2
5 0
5 1
5 1
5 4
5 1
4 0
5 0
5 1
5 0
5 2
5 18
5 1
5 0
5 3
5 0
5 8
4 1
4 4
5 1
3 7
1 7
2 8
5 2
5 3
5 1
5 0
5 1
5 2
5 2
5 1
5 0
5 0
5 0
4 0
4 6
5 6
5 2
5 3
4 2
5 8
5 5
5 0
5 4
2 2
5 0
1 11
5 0
5 1
5 2
5 0
2 7
5 14
5 5
2 6
3 1
2 5
5 0
1 16
4 0
5 0
5 0
5 1
5 0
5 2
5 7
5 4
3 15
1 32
5 3
2 25
4 43
5 11
5 1
5 10
3 8
5 7
5 3
5 0
5 10
5 2
5 5
5 0
4 1
5 2
5 0
5 0
5 0
1 7
5 0
5 0
5 0
4 0
5 0
5 0
5 1
5 4
5 0
5 0
5 5
5 24
5 15
5 2
5 1
5 6
5 0
4 0
4 0
5 1
4 0
5 1
5 0
5 0
5 67
5 0
5 36
5 1
5 36
5 210
5 1
5 1
4 3
5 4
5 4
5 0
5 0
5 0
5 0
5 1
3 0
5 1
5 2
5 0
2 10
5 32
1 27
5 1
5 5
5 0
5 1
5 1
5 3
5 2
4 3
5 0
5 0
5 0
5 0
5 0
2 7
5 1
1 15
4 0
5 0
5 1
2 14
5 27
5 13
5 23
5 121
5 5
3 5
5 113
5 13
4 31
5 1
5 3
5 17
5 32
5 10
5 0
4 2
5 8
5 3
5 1
4 0
5 3
5 2
4 9
2 10
5 9
5 0
5 7
5 5
3 8
5 5
5 0
3 33
1 6
4 1
5 0
5 1
5 0
5 0
5 0
5 1
5 0
5 0
5 0
5 1
5 4
5 0
2 4
4 1
4 1
5 0
5 0
4 0
5 0
5 0
5 0
5 0
5 0
4 0
5 0
5 0
5 0
5 0
5 0
5 0
5 0
5 0
4 0
3 0
5 0
5 0
5 0
4 0
5 0
5 0
5 0
2 12
5 0
5 0
5 0
1 20
4 0
5 0
1 30
4 0
5 0
5 0
5 0
5 0
5 0
2 4
1 5
5 1
5 0
5 1
1 2
5 0
4 0
5 0
5 0
5 0
1 17
5 0
5 0
5 0
5 0
4 0
5 0
5 0
5 0
5 0
5 0
4 0
5 0
5 0
4 0
5 0
5 0
5 0
5 0
2 0
5 0
3 0
5 0
1 3
5 0
5 0
1 2
1 3
5 0
5 0
5 0
5 0
5 0
1 2
3 0
5 0
5 0
5 0
5 0
5 0
1 6
5 0
5 0
5 1
5 0
5 0
5 0
5 0
5 0
5 0
1 2
1 2
5 0
5 0
4 0
4 0
5 0
5 0
5 0
5 0
5 0
5 0
5 0
5 0
5 0
5 0
1 1
1 2
5 0
5 0
5 0
1 6
5 0
5 0
5 5
5 0
5 0
5 0
5 0
5 0
5 0
5 0
5 1
5 0
4 0
5 0
5 0
5 0
5 0
5 0
5 0
5 0
4 1
5 0
5 0
4 0
5 0
5 0
5 0
5 0
5 0
5 0
5 0
5 0
5 0
5 0
4 0
5 0
5 0
5 0
5 0
5 0
5 0
5 0
5 0
4 0
5 0
3 0
5 0
2 1
5 0
4 0
4 0
5 0
5 0
5 0
5 0
5 0
5 0
5 0
5 0
5 0
5 0
2 1
5 0
5 1
4 0
5 0
5 0
5 0
5 0
5 0
5 0
5 0
5 0
5 0
5 5
4 1
5 0
3 0
5 0
5 0
1 9
5 0
5 1
4 1
5 0
3 3
5 1
5 2
5 1
