1 22
5 8
5 5
5 8
4 7
5 1
5 3
3 6
5 5
4 1
4 4
4 5
1 3
1 11
4 3
5 5
4 6
5 8
5 4
4 3
3 2
3 15
5 9
4 1
4 4
4 3
5 3
3 1
4 3
2 7
4 3
2 7
5 5
5 9
5 9
3 5
5 6
5 4
5 6
3 1
4 4
5 4
5 3
5 3
3 11
2 14
1 9
3 5
5 17
5 7
4 0
2 10
1 20
4 40
5 10
5 11
4 7
5 8
4 7
5 9
1 21
5 3
5 26
5 4
3 6
5 4
3 1
4 2
5 5
3 5
5 1
4 1
5 3
5 4
5 5
5 4
4 5
3 3
4 8
5 18
5 11
5 28
5 11
5 10
5 2
1 23
2 11
5 5
3 5
3 14
4 15
5 3
2 16
5 13
2 29
5 9
5 3
4 8
5 8
3 11
5 9
5 5
5 3
4 3
5 2
5 10
1 7
5 5
1 305
2 56
4 0
4 10
4 5
5 11
5 6
5 3
1 26
2 27
5 6
5 11
5 8
5 11
5 8
5 1
3 15
4 0
4 4
4 2
1 17
5 6
5 5
5 3
4 5
4 2
4 6
3 16
5 9
5 7
5 2
3 6
4 2
5 3
5 7
4 4
1 21
1 151
3 5
5 4
1 56
5 4
1 21
3 1
3 1
4 2
5 3
2 2
1 12
4 8
5 4
4 1
1 6
5 2
3 12
3 13
3 43
3 1
1 32
3 7
4 2
5 4
5 7
2 1
5 4
5 5
5 11
3 14
4 1
5 2
4 10
5 3
5 6
5 5
4 1
4 2
4 2
5 4
4 13
3 2
5 3
4 2
3 8
5 7
1 3
1 4
4 7
5 7
5 3
5 1
5 2
5 7
2 16
5 7
4 6
5 1
5 11
3 1
5 4
1 18
1 17
5 17
5 6
5 14
4 11
4 4
5 10
1 11
4 23
5 6
5 3
5 7
5 4
1 26
5 12
3 5
3 3
4 2
4 9
2 6
5 10
5 4
5 3
5 77
2 4
4 2
4 3
5 3
5 4
5 4
4 5
5 2
5 3
5 5
4 6
1 13
5 4
5 9
5 1
4 3
5 2
4 3
5 3
5 6
5 8
4 10
1 21
5 6
5 1
1 5
5 11
3 4
5 4
4 0
4 5
4 9
4 0
5 15
5 9
2 82
1 22
1 6
5 8
2 17
5 2
3 40
5 2
5 7
1 30
5 1
5 1
5 3
4 1
5 1
3 2
5 15
1 5
5 1
4 1
4 4
5 5
5 2
2 11
5 2
2 8
4 3
5 1
5 40
2 3
4 1
5 2
5 15
3 8
2 4
5 52
5 6
5 3
4 1
3 2
3 3
3 2
5 3
4 1
1 3
2 17
4 5
4 5
5 1
1 17
5 0
5 1
5 1
5 5
5 1
1 29
5 54
5 5
2 6
1 4
1 12
1 10
2 3
4 7
4 6
3 8
5 9
4 14
2 3
4 2
1 34
1 12
5 3
5 4
4 8
3 4
5 1
4 13
5 0
5 0
5 3
5 1
5 4
4 4
2 8
4 2
5 5
5 30
4 5
3 15
3 27
1 11
3 7
3 6
2 5
4 10
4 5
5 9
5 27
2 6
2 7
5 14
5 13
4 6
5 15
5 3
4 11
4 1
5 0
5 32
5 5
3 2387
2 7
5 1
5 3
4 3
5 3
4 6
5 7
3 3
5 1
2 48
4 3
5 13
3 0
5 3
4 0
4 3
5 9
4 7
4 16
4 1
4 15
4 6
4 0
4 2
4 2
5 6
5 1
3 23
1 19
3 2
4 4
4 7
5 1
4 10
3 2
5 10
5 2
5 1
3 1
3 13
3 31
5 1
5 1
5 1
5 6
5 4
4 2
5 1
5 15
4 1
4 1
3 55
5 7
2 35
4 22
4 2
5 16
5 1
5 3
5 4
5 7
5 2
5 3
4 4
5 7
5 269
4 1
1 18
5 5
5 4
5 25
4 6
4 2
5 2
1 11
2 8
1 9
3 1
2 1290
1 23
4 11
3 3
3 10
1 8
3 8
3 23
5 4
5 2
4 4
4 2
5 9
4 4
3 2
5 0
5 5
5 6
5 5
5 4
5 20
4 40
5 8
4 17
4 4
5 23
5 4
5 16
2 206
5 3
1 40
4 1
3 7
3 7
2 8
5 1
5 52
5 8
5 8
5 5
5 6
5 7
5 9
1 21
4 5
4 5
4 2
2 10
4 1
5 1
4 1
3 0
4 2
4 0
5 0
3 5
4 1
4 1
5 0
4 8
4 0
5 1
5 1
5 15
4 4
4 1
5 2
3 1
2 2
3 1
5 1
1 9
3 1
5 4
3 2
5 1
5 1
5 1
5 1
4 0
5 14
4 1
5 2
5 1
2 0
5 1
4 1
5 1
