1 13
1 10
3 0
1 10
2 7
4 1
2 2
2 5
1 1
1 21
2 4
2 4
1 11
5 0
4 1
5 1
5 0
2 11
2 11
4 2
1 3
3 0
4 1
4 1
2 1
5 2
1 2
3 3
3 0
5 0
3 0
3 2
4 0
1 2
1 1
3 0
2 1
2 0
1 0
3 1
1 2
1 0
1 6
3 0
3 11
4 13
1 3
5 3
3 3
4 8
5 4
1 4
3 1
2 4
1 2
1 1
1 2
5 2
3 2
1 3
4 1
1 4
3 0
1 1
2 1
4 3
4 1
2 3
3 0
3 1
3 0
1 1
4 0
1 1
1 3
2 14
5 1
2 1
2 0
2 2
1 0
3 1
1 1
4 0
1 2
5 1
3 0
1 3
1 4
2 5
2 0
2 0
5 0
1 1
1 6
2 0
1 0
3 2
3 5
2 1
1 8
4 1
3 1
4 0
5 1
3 1
3 2
1 0
2 2
4 1
5 1
1 1
4 1
1 3
1 2
1 1
1 1
2 1
5 2
1 3
4 0
2 7
2 6
1 3
2 3
3 3
1 4
1 3
2 1
3 9
2 3
5 5
1 14
1 1
2 4
1 5
1 2
3 1
3 1
2 21
1 14
2 11
5 2
2 2
5 2
3 0
2 4
3 2
4 3
1 4
4 1
4 1
4 2
1 1
1 7
2 2
1 2
1 1
5 0
1 5
1 1
3 0
5 0
1 0
1 1
1 0
4 4
1 2
1 2
1 2
1 9
4 2
2 4
5 0
5 1
3 2
3 0
4 4
5 1
2 4
3 3
1 1
2 3
4 2
1 3
1 2
2 3
1 1
1 11
4 1
1 2
2 3
4 1
3 0
1 2
1 2
1 3
4 3
1 19
5 3
4 1
3 3
2 5
4 1
2 1
4 0
1 5
2 3
2 0
1 13
2 11
2 1
1 39
2 3
3 3
1 19
4 1
4 3
1 4
3 0
4 0
1 3
2 0
2 14
2 1
2 4
2 3
2 5
1 5
3 1
4 1
2 0
1 1
5 3
1 3
2 5
1 2
1 2
4 2
2 2
4 0
3 2
5 0
1 0
1 1
1 2
3 1
5 0
1 3
2 0
3 0
2 5
4 9
1 2
5 7
5 37
2 1
1 7
3 10
2 2
1 0
1 8
3 4
1 3
3 2
4 4
4 1
2 11
4 19
2 1
2 5
3 2
3 0
1 3
1 5
4 3
1 2
1 2
3 0
2 2
1 4
3 3
1 3
2 5
1 1
4 2
4 0
2 4
1 5
2 1
4 3
3 1
2 4
2 1
1 3
5 1
2 3
5 2
3 1
5 1
2 4
2 4
3 4
2 2
2 3
1 12
1 5
4 1
3 1
1 5
4 1
4 2
2 1
5 2
3 3
2 3
4 0
2 1
4 3
1 6
4 6
1 3
3 3
1 2
5 0
1 2
3 6
1 2
4 0
5 2
1 2
5 5
1 2
1 3
3 80
2 1
1 2
4 1
1 1
1 5
5 0
1 2
1 1
5 0
1 0
1 7
4 3
1 2
1 3
4 0
1 5
3 4
2 2
1 5
2 1
2 1
2 0
3 1
2 0
2 4
2 2
1 19
5 0
3 4
1 2
2 1
1 3
4 1
2 2
2 2
4 1
1 4
5 8
4 2
2 2
2 4
1 5
2 1
2 1
2 5
1 13
1 14
2 1
1 2
2 12
1 3
3 3
1 3
1 3
1 6
1 0
3 6
1 2
2 1
1 2
1 2
2 6
3 4
1 3
1 2
2 1
2 4
2 0
1 2
1 2
1 3
1 5
3 3
2 4
1 9
1 3
2 1
1 3
2 1
1 5
1 2
5 1
1 3
1 2
1 3
1 4
5 1
1 9
1 4
4 11
4 0
4 0
1 9
2 9
4 0
2 3
1 4
2 2
2 4
2 3
3 1
1 3
2 3
2 2
2 3
3 10
1 3
1 3
2 6
1 12
2 1
4 5
1 4
1 2
1 3
1 3
2 3
2 1
5 1
2 0
3 0
3 3
2 0
1 5
1 2
4 0
1 1
4 0
2 18
2 1
2 36
2 22
2 9
2 2
2 25
1 1
1 2
3 0
3 8
1 2
2 0
1 3
3 1
1 3
2 0
2 1
3 10
3 0
1 2
3 1
1 7
2 0
2 6
1 4
5 3
2 1
2 1
2 0
2 0
4 1
4 0
3 0
4 1
4 0
1 6
5 1
4 0
1 2
3 0
1 4
1 9
3 4
3 0
2 0
3 2
5 0
2 126
4 5
1 5
4 2
4 2
1 4
3 0
3 3
1 21
5 2
2 2
2 0
4 0
3 1
5 0
4 0
2 6
1 2
2 0
3 0
2 1
3 1
4 0
1 0
3 7
3 0
3 0
3 1
5 0
1 3
4 0
4 0
2 0
2 0
1 2
4 13
1 4
1 4
4 30
5 0
1 3
2 15
3 0
5 4
2 3
3 1
1 7
2 7
2 11
1 15
2 17
2 4
5 7
1 42
2 6
5 14
5 4
1 5
1 29
4 2
3 4
1 36
3 0
2 5
4 3
3 3
1 2
4 1
1 6
5 1
4 0
1 6
1 2
2 7
4 1
2 6
5 0
1 1
1 6
3 2
2 2
1 1
2 2
3 0
1 2
2 0
2 0
4 0
3 0
3 0
3 0
5 0
2 9
2 0
1 4
1 1
4 0
1 3
3 0
2 0
4 0
1 1
3 0
3 0
5 0
4 0
1 2
3 1
2 2
1 3
5 0
1 1
5 0
1 3
4 0
1 2
2 0
3 0
2 1
1 4
1 2
2 0
1 1
4 0
2 0
1 3
2 0
3 0
3 0
2 1
1 2
2 2
1 6
1 2
3 1
3 0
3 0
1 13
1 1
3 0
3 0
2 0
2 0
3 0
4 1
3 1
3 46
3 2
1 9
2 120
3 18
2 1
1 4
1 2
1 7
3 0
4 0
2 22
1 30
4 2
2 0
1 10
4 0
3 0
4 0
5 0
2 0
2 1
3 14
1 36
2 0
4 11
5 4
3 3
1 4
2 4
4 0
3 29
5 0
3 0
3 10
2 6
4 0
2 4
1 3
1 5
4 0
2 1
4 0
1 9
4 1
4 25
2 6
5 0
5 0
1 3
3 0
2 3
2 13
4 28
3 0
2 4
3 20
3 1
3 5
2 11
4 0
1 6
5 1
2 7
5 0
3 45
4 0
4 2
4 1
4 1
3 3
1 0
5 2
3 2
2 1
2 4
1 6
1 5
3 2
5 4
3 2
1 4
1 3
5 54
5 0
2 1
5 0
4 1
5 4
3 6
1 4
3 1
3 1
5 1
3 2
4 0
5 0
1 2
2 21
5 0
5 0
5 28
3 3
1 5
4 6
5 61
5 0
5 49
3 7
5 1
4 1
5 2
4 4
5 0
5 2
5 5
5 0
4 2
1 10
5 1
4 56
1 9
5 1
5 3
5 2
5 2
5 1
