1 0
4 3
3 2
3 3
2 10
1 6
1 1
1 4
4 2
5 3
1 2
1 2
1 3
1 2
1 2
1 4
1 0
2 2
2 1
2 0
1 3
1 3
2 1
1 7
1 2
1 3
3 4
2 5
1 9
3 2
1 3
1 3
1 2
1 3
4 2
3 1
2 1
3 1
1 2
1 1
2 0
1 1
2 1
1 3
1 2
1 2
3 1
4 1
1 1
5 2
3 0
4 1
2 1
2 1
1 6
2 2
1 2
1 2
5 1
1 2
1 3
3 2
2 1
1 3
3 4
1 7
2 2
2 6
1 4
1 3
2 3
1 9
2 4
2 8
3 0
1 9
1 10
1 4
1 7
1 3
5 2
1 4
3 18
2 6
2 6
1 6
5 10
2 3
2 6
2 5
2 2
1 7
1 4
1 7
1 6
5 9
1 3
1 21
1 8
1 4
1 8
3 3
1 5
2 9
5 1
2 9
2 7
3 1
1 3
1 13
2 3
1 4
1 6
2 1
1 2
1 8
2 6
5 0
3 4
3 3
1 6
1 5
1 4
4 0
2 2
3 2
2 4
2 2
1 2
2 9
1 1
1 2
1 3
1 2
1 5
1 2
2 5
1 88
1 18
1 4
1 6
1 11
1 0
1 4
3 2
1 7
1 2
1 5
1 1
2 1
2 1
1 4
1 5
1 3
1 3
4 3
1 2
2 2
2 3
1 11
1 4
1 6
2 3
2 4
1 3
1 2
1 2
5 1
5 5
4 6
3 2
1 6
1 1
2 7
1 3
1 2
1 6
1 4
2 3
2 4
1 4
1 2
2 6
2 2
4 1
1 3
1 3
4 1
2 3
1 0
1 4
2 2
1 4
3 0
1 2
2 1
1 2
1 27
2 3
1 3
1 4
1 2
1 3
1 2
1 2
5 4
1 1
1 1
2 2
2 2
5 3
1 6
1 2
4 2
2 3
1 5
1 41
1 1
3 3
1 1
1 1
4 3
1 3
1 6
1 3
1 3
1 3
3 2
4 4
1 4
3 0
1 6
3 0
2 1
1 2
5 3
5 3
1 3
1 2
3 3
1 3
2 4
1 3
1 4
1 1
2 1
1 3
2 2
1 5
5 2
1 1
1 1
1 1
1 1
1 1
3 2
2 3
1 3
1 2
1 1
2 1
3 2
1 2
1 7
1 2
1 2
3 4
2 1
1 1
1 1
1 3
1 1
2 2
1 3
1 1
1 2
1 2
1 0
1 1
1 3
1 2
4 2
2 1
4 1
4 2
2 9
1 4
1 3
1 4
1 3
1 2
1 3
2 4
3 4
1 2
2 3
1 4
1 2
1 4
2 1
1 3
1 4
2 4
1 26
1 5
1 2
2 2
1 4
1 3
2 3
5 3
1 3
3 1
1 4
1 4
2 3
1 4
2 2
1 4
3 1
2 2
1 5
2 5
4 0
1 2
1 2
1 1
3 1
1 2
1 2
1 2
1 5
1 3
1 3
1 2
1 2
1 8
2 3
1 3
4 1
1 5
1 4
5 0
1 2
1 3
1 4
1 3
1 3
1 4
2 1
2 3
5 0
1 2
1 3
3 1
1 2
4 1
1 2
2 4
3 0
1 1
4 1
1 4
1 2
1 1
1 1
4 0
1 2
1 1
4 0
1 3
4 0
1 2
1 1
1 1
1 3
1 3
1 2
1 2
1 2
1 4
4 0
4 1
1 5
1 4
1 3
1 1
2 1
5 0
4 1
2 4
1 80
1 2
1 3
1 2
1 4
1 2
1 2
1 4
3 5
4 1
1 2
1 3
1 52
1 35
1 2
1 10
2 25
1 3
1 2
1 2
3 70
1 4
2 2
1 5
1 5
2 5
2 6
1 12
1 8
3 2
1 5
1 12
1 5
1 3
2 1
1 2
1 3
1 1
4 1
1 3
5 0
4 0
1 1
5 3
2 1
1 1
2 4
1 3
2 62
1 4
1 7
5 2
1 1
1 3
2 2
1 2
2 2
3 0
2 3
1 4
1 6
1 6
1 2
1 4
2 2
2 1
1 2
1 1
1 7
5 2
4 1
2 3
1 1
4 1
3 1
1 3
3 1
4 0
1 5
2 3
2 2
3 3
2 0
3 2
1 2
1 7
2 1
2 2
2 3
1 2
4 0
1 3
3 4
4 0
3 2
2 3
1 0
2 4
2 1
1 4
1 3
1 3
5 1
4 3
1 3
4 0
4 0
2 4
5 1
1 1
3 1
1 4
4 1
1 4
1 6
1 6
1 7
2 0
1 9
2 7
5 1
1 4
4 0
5 1
2 7
4 1
5 1
1 10
1 23
1 12
5 1
1 5
1 5
2 1
1 3
5 5
4 2
5 6
1 5
1 0
5 2
3 4
1 8
1 9
2 5
4 3
5 0
5 3
5 3
1 5
2 5
2 40
1 1
3 2
3 3
2 6
1 23
5 2
2 4
1 3
2 2
2 3
2 5
1 38
2 2
1 4
1 10
3 2
1 21
1 3
2 1
1 6
2 1
3 4
1 3
1 1
5 0
4 3
2 5
5 1
2 3
4 5
2 2
1 1
3 2
3 2
5 1
1 1
2 1
1 12
2 1
2 6
5 0
2 5
1 0
3 5
1 2
2 3
1 0
4 4
2 2
4 2
5 44
3 16
