1 3
2 1
1 3
1 2
2 3
5 2
1 1
2 1
5 4
5 5
1 6
4 0
2 2
3 0
3 1
3 0
3 10
2 2
1 5
1 155
1 3
1 3
2 2
2 6
2 3
1 6
1 3
1 5
5 5
2 5
1 7
2 4
3 4
1 17
2 6
5 2
1 12
3 1
2 1
1 10
2 5
1 7
1 4
5 2
2 1
1 3
1 4
2 3
1 6
3 4
1 4
2 4
1 5
3 1
1 5
2 3
1 5
1 5
4 1
1 8
1 8
5 4
1 8
1 9
1 12
2 3
1 4
1 4
1 13
1 6
4 0
2 2
5 0
4 2
2 2
1 13
1 7
2 0
2 1
3 0
4 2
1 5
1 101
3 1
1 5
2 3
3 1
4 1
2 3
5 4
2 1
3 2
5 1
4 0
5 2
1 2
1 1
2 1
1 1
1 2
2 2
1 1
2 1
3 0
1 2
2 14
3 1
1 2
1 4
1 5
1 5
1 5
1 3
5 2
2 3
3 0
1 2
1 2
4 1
1 2
1 2
2 5
1 5
1 4
1 5
1 4
4 1
3 0
4 2
1 3
2 0
3 0
1 3
3 1
1 5
1 14
1 15
1 3
3 0
1 2
4 1
2 1
4 1
5 2
3 1
4 4
4 1
1 4
1 4
2 1
1 6
1 4
1 8
3 0
4 1
5 2
1 4
5 1
1 3
1 0
1 2
5 2
2 0
5 2
1 2
3 0
1 1
5 2
1 15
3 1
2 0
2 0
2 3
1 3
1 3
1 3
1 3
1 2
2 3
1 3
1 1
2 2
2 1
4 1
2 3
2 1
2 2
2 2
1 2
1 1
2 1
1 2
1 3
4 2
1 2
2 1
1 2
2 1
3 1
1 1
3 4
1 1
1 31
3 3
3 0
1 3
1 4
2 4
1 2
3 0
2 2
2 3
2 3
4 13
1 3
1 0
3 2
1 1
1 2
1 2
2 2
1 1
1 1
4 1
1 1
1 4
1 169
2 3
2 5
1 1
1 3
3 1
1 2
3 1
1 0
1 1
3 1
5 0
2 0
2 2
2 2
2 0
1 0
2 0
3 1
1 0
1 11
3 1
1 2
2 0
1 1
3 0
1 1
2 1
2 0
1 1
1 2
2 5
5 6
1 6
1 11
1 5
3 1
1 0
4 1
1 5
1 0
1 5
3 4
4 1
1 6
1 3
4 0
1 1
1 5
2 2
2 0
1 1
2 1
1 2
2 0
1 10
1 1
1 2
1 10
1 11
1 3
1 2
1 3
2 3
4 3
1 2
1 1
4 2
5 3
3 0
1 1
1 3
1 2
3 5
1 2
1 5
2 0
1 4
1 8
1 1
1 3
1 1
2 0
1 4
5 2
1 16
1 4
1 11
1 4
1 3
1 6
1 6
1 1
2 11
1 8
1 3
1 3
2 5
3 0
1 3
3 1
3 1
1 2
3 3
1 1
1 3
4 3
1 4
1 1
2 4
1 2
1 4
1 2
3 4
1 2
1 2
1 2
1 4
1 4
3 2
1 3
3 2
2 0
1 0
1 2
2 2
1 1
4 2
1 1
2 0
2 0
1 0
2 1
1 3
2 0
1 2
1 0
1 1
1 2
1 7
1 1
3 36
1 8
4 3
3 2
1 1
3 2
2 0
2 1
1 0
1 1
1 2
3 11
1 1
2 1
2 1
1 1
1 0
1 2
1 0
2 1
3 4
1 2
5 5
3 6
1 3
2 0
3 1
1 1
1 2
3 2
1 0
5 3
1 0
2 1
1 7
1 0
1 5
1 0
2 6
2 1
2 0
2 1
2 3
4 4
4 3
3 1
2 2
1 2
2 1
3 2
2 7
2 6
3 5
2 2
3 4
1 3
2 2
3 3
5 6
2 5
2 3
4 4
2 4
2 7
2 2
2 2
1 6
1 2
3 3
3 1
1 3
4 3
3 1
1 3
5 4
4 3
1 2
3 4
4 3
2 3
2 2
3 3
4 4
4 2
2 2
3 0
4 4
2 6
2 2
3 3
3 3
5 2
3 1
2 1
1 3
5 4
3 2
1 3
1 3
3 1
2 2
5 6
5 4
2 0
2 1
2 3
4 3
3 1
3 1
4 38
1 1
1 1
3 0
1 1
1 1
2 0
3 2
2 0
3 0
1 1
5 2
2 0
3 0
2 0
5 2
3 0
1 1
1 1
2 1
1 2
1 0
2 1
3 0
3 0
4 1
2 0
5 2
3 1
4 0
5 2
4 1
1 2
3 0
3 0
1 2
3 0
4 1
4 1
2 0
2 0
2 0
1 1
1 0
1 2
3 0
1 0
2 1
4 1
3 1
2 0
3 0
2 0
1 1
1 2
2 0
1 2
4 1
4 2
5 4
1 0
4 2
1 0
5 2
3 0
3 0
5 4
2 0
2 0
4 1
2 0
4 1
1 0
3 0
2 0
5 3
5 2
1 0
2 1
3 0
3 1
2 1
3 1
1 0
4 1
2 3
2 0
1 0
1 1
2 0
2 8
4 1
4 1
1 0
2 1
1 0
3 1
3 2
5 3
5 1
3 0
3 0
1 0
4 0
3 1
1 0
2 0
3 1
1 0
2 0
2 0
2 0
5 3
5 2
5 2
2 0
2 0
5 2
3 0
5 3
1 1
3 0
3 0
3 5
2 1
2 2
3 0
1 0
2 0
4 1
2 0
4 1
4 1
5 3
3 1
1 1
3 1
4 1
3 2
4 1
3 1
1 0
2 0
5 2
3 0
3 0
4 1
2 0
3 0
4 1
1 1
4 1
2 0
2 0
4 0
3 0
4 1
3 0
1 0
1 0
3 0
3 0
4 1
3 0
3 0
1 0
5 2
5 2
1 0
4 1
1 0
4 1
5 3
5 2
5 2
3 0
4 1
3 0
2 0
3 0
3 0
4 3
3 1
4 0
4 0
2 1
1 1
3 1
3 0
3 0
2 0
5 2
4 1
1 1
1 0
3 0
3 0
4 1
1 1
5 1
