4 4
4 5
5 3
3 31
5 5
2 21
5 17
5 11
5 6
5 7
5 6
5 7
1 46
5 6
5 23
5 10
5 9
5 5
1 14
5 9
5 1
5 3
5 12
5 14
5 7
1 12
5 13
5 8
4 23
2 7
5 8
5 6
1 19
5 5
5 7
5 7
5 1
5 14
5 3
5 12
5 5
5 5
1 84
5 4
1 25
5 6
5 4
5 25
5 12
5 10
1 26
5 10
1 19
1 43
5 28
5 10
1 45
1 19
5 15
5 7
1 20
1 21
5 8
5 8
3 11
1 12
5 8
5 5
1 17
1 12
3 2
1 15
1 14
2 11
4 12
1 20
5 10
5 5
2 16
5 9
5 12
5 4
5 6
5 5
5 7
5 2
5 6
1 23
5 2
5 6
5 7
5 6
4 31
4 3
1 20
5 4
5 9
4 8
5 9
5 5
4 2
1 13
3 24
5 41
5 8
3 19
1 11
5 3
4 3
5 9
1 4
5 5
5 8
5 5
5 7
1 14
3 5
5 6
5 2
1 18
5 94
5 6
5 3
1 3
5 3
5 12
1 8
5 5
5 0
1 9
5 5
2 4
5 29
5 1
1 3
4 63
5 7
5 4
5 8
5 3
5 7
5 4
1 4
5 1
5 2
5 5
5 7
5 3
1 2
1 5
5 14
1 17
1 86
5 7
5 6
5 10
5 6
5 4
1 5
5 8
5 19
5 2
1 57
5 2
1 37
1 25
5 9
5 4
1 8
1 14
5 16
5 6
5 8
5 6
5 3
5 4
4 5
1 16
5 9
2 4
5 8
1 11
1 5
1 10
5 9
5 16
1 8
5 6
5 3
5 3
5 4
5 10
1 11
5 1
5 3
5 2
5 3
5 3
5 1
5 1
5 2
5 2
4 1
5 0
1 6
5 6
1 17
5 8
5 12
5 6
5 5
5 5
5 2
5 1
5 1
5 2
5 6
5 3
1 31
5 1
5 3
5 3
1 16
4 5
1 9
1 13
5 7
5 3
5 3
4 27
5 3
5 3
1 11
1 13
5 10
5 13
1 4
1 8
1 9
1 6
5 3
5 20
4 0
5 5
5 3
3 1
1 13
4 11
5 4
1 7
4 1
1 354
2 2
5 12
5 4
5 5
1 5
5 2
5 1
2 15
5 10
5 5
3 7
5 2
2 10
2 0
5 7
4 7
5 7
5 10
5 5
5 4
5 9
5 9
5 6
5 10
4 4
4 4
5 2
5 8
5 3
3 10
1 11
1 52
5 3
3 2
1 7
5 4
5 3
5 13
5 2
5 4
2 5
5 2
5 3
3 0
1 10
5 22
5 2
5 1
5 5
5 2
1 6
1 1
5 2
5 2
5 3
5 13
1 2
4 2
5 5
5 2
5 3
5 2
5 7
1 4
1 7
5 1
5 19
5 2
1 2
1 4
5 11
5 7
5 3
5 4
5 10
1 3
5 19
1 12
5 7
1 16
5 13
5 7
5 36
1 12
5 19
5 15
5 87
5 23
5 15
5 10
5 2
5 4
3 1
5 6
1 18
5 11
2 9
1 20
5 11
5 7
5 4
5 10
5 16
5 0
1 12
4 7
2 24
5 1
5 5
5 1
3 6
1 11
5 8
5 12
5 14
1 12
5 2
5 7
5 6
1 25
1 16
5 6
5 9
1 7
5 8
5 1
5 2
5 19
5 3
5 199
5 217
5 1
5 62
5 1
5 1
5 4
4 0
4 9
3 550
5 5
5 1
5 1
1 17
1 15
4 11
5 10
5 9
3 3
5 5
5 8
5 7
1 13
5 3
4 5
5 3
5 6
4 5
5 7
5 4
5 2
5 4
1 14
1 23
5 2
5 5
5 8
3 2
5 26
5 2
2 38
4 3
5 5
5 9
5 5
1 0
1 20
5 13
5 6
1 11
1 5
5 2
2 6
5 0
5 5
5 3
5 12
5 5
5 8
3 3
4 4
5 1
5 0
1 5
1 23
5 1
5 2
5 2
3 7
5 4
1 3
5 2
1 16
5 9
1 9
5 1
5 61
5 15
3 6
1 14
2 4
4 5
5 9
5 5
5 7
1 11
5 1
4 0
5 11
5 6
5 17
5 12
5 1
5 0
5 0
5 0
4 5
5 9
5 22
5 0
3 15
5 2
5 10
5 5
5 8
2 19
5 1
5 6
5 22
5 3
5 8
5 6
5 5
5 26
5 7
5 6
5 21
5 3
5 1
1 33
5 11
5 1
5 4
5 9
5 1
4 2
3 3
1 10
5 6
5 13
1 11
1 7
1 8
1 11
4 1
5 31
3 13
4 15
5 25
5 5
1 17
1 1
5 4
2 10
2 16
5 14
4 9
5 15
5 8
1 20
5 4
5 20
5 17
1 14
1 21
1 3
1 2
3 73
5 1
5 0
5 2
4 0
5 1
5 0
5 0
1 12
5 0
5 1
1 69
2 18
5 0
3 7
5 0
5 0
5 1
5 1
1 8
5 0
3 0
5 0
5 0
5 0
5 1
5 0
5 0
5 0
3 1
1 1
5 0
5 0
5 0
5 0
1 10
5 0
5 0
5 0
5 0
4 0
5 0
1 4
4 0
1 2
1 20
5 0
5 0
5 0
1 5
5 4
5 0
5 0
5 1
5 1
5 0
5 0
5 0
1 8
3 0
5 1
1 0
5 0
1 7
1 4
5 0
5 0
5 0
5 0
5 0
5 0
5 0
1 26
5 0
5 0
5 0
1 28
5 0
5 0
2 1
5 0
4 0
5 0
5 0
4 0
2 3
5 0
4 0
5 0
5 0
5 0
1 3
4 0
5 0
5 0
5 0
5 0
5 0
1 1
5 0
1 3
5 0
5 2
5 0
5 0
2 2
1 28
5 0
4 0
5 0
2 1
5 2
5 0
5 1
5 0
1 5
5 0
1 17
2 8
1 1
5 0
4 1
5 1
5 1
5 1
5 1
1 26
1 7
1 22
3 3
5 1
1 3
5 1
5 0
5 0
5 0
5 3
5 0
1 6
5 0
5 1
5 1
3 1
1 21
4 1
4 1
5 8
5 1
5 2
5 0
5 4
