4 1
5 1
3 1
5 1
5 2
4 1
5 2
4 2
5 0
1 12
5 1
3 1
5 1
5 1
4 3
1 1
5 3
4 8
3 1
4 0
5 1
1 20
4 2
1 16
1 11
1 93
1 29
5 0
1 34
3 4
4 4
2 1
4 5
5 5
3 9
4 3
4 2
5 1
5 0
1 19
1 31
4 3
1 11
1 19
2 2
1 9
1 10
5 3
2 6
5 1
1 14
2 7
1 11
5 1
3 3
5 2
1 23
1 12
1 13
4 3
3 2
4 0
3 0
2 3
5 2
5 2
1 144
1 17
1 26
4 14
5 2
5 1
4 2
1 15
1 13
1 8
1 19
2 2
1 26
4 3
1 35
1 17
5 3
5 3
1 31
1 28
1 1685
4 1
4 0
5 9
5 10
4 0
5 2
4 0
1 28
5 5
5 13
2 6
1 30
1 6
5 1
4 2
5 2
5 3
5 1
1 37
5 26
5 3
5 2
3 0
3 2
1 22
3 1
3 3
3 0
4 1
4 1
5 1
4 1
5 1
1 22
5 0
5 0
3 1
1 118
4 1
2 1
4 1
3 0
1 7
4 0
2 0
1 19
3 1
4 0
2 1
4 0
1 12
3 5
5 2
4 3
2 14
5 5
3 0
1 12
1 10
1 9
5 8
1 28
1 26
1 4
5 1
1 253
1 2
1 9
1 10
1 13
4 1
1 29
1 12
4 2
1 15
5 3
5 0
5 1
1 4
1 2
1 33
5 12
3 6
1 7
1 2
5 2
5 0
5 2
3 1
5 2
1 10
1 18
1 9
5 1
1 111
1 17
5 2
1 14
4 4
2 2
4 0
4 0
3 0
4 1
5 0
3 1
1 462
1 12
1 15
1 16
4 2
1 24
2 4
5 1
5 1
1 26
5 1
1 24
1 16
1 110
5 0
4 1
1 28
1 13
1 4
5 1
4 1
4 1
4 4
1 17
5 1
5 2
2 3
1 6
5 2
1 15
3 2
1 10
1 24
1 18
4 0
1 8
5 3
5 0
2 6
3 1
5 1
5 4
4 1
5 5
3 2
1 11
1 11
2 16
4 0
1 9
3 6
1 12
1 36
1 63
3 1
4 0
5 2
1 8
5 1
5 0
3 2
3 2
5 0
1 10
5 0
1 7
5 1
3 3
5 0
2 18
4 5
1 13
2 7
2 9
1 21
2 34
1 2
2 12
2 12
2 13
5 8
1 16
3 1
1 9
1 5
1 12
2 11
4 1
4 0
5 0
3 3
2 4
4 20
5 0
1 7
1 1
1 10
1 10
5 0
2 2
1 27
4 2
1 12
5 10
2 5
1 8
3 11
3 0
1 19
4 21
5 0
5 5
4 2
1 11
5 1
4 1
5 1
5 3
4 4
2 0
1 2
5 9
1 7
1 2
3 5
1 23
1 9
2 6
1 14
5 2
1 14
4 4
3 4
5 3
4 3
3 3
1 2
2 0
2 7
5 0
2 4
2 1
5 2
5 2
3 2
1 20
5 2
4 2
1 24
4 4
1 5
1 40
1 14
4 3
3 2
5 2
5 1
4 1
1 11
1 5
5 1
1 23
4 0
2 5
1 4
2 5
5 2
4 1
5 1
5 1
5 1
4 1
4 0
5 0
5 1
1 6
4 1
1 4
3 2
3 0
3 2
4 0
3 1
5 1
5 6
1 7
1 15
1 8
5 2
2 1
1 6
5 0
5 0
5 0
1 2
2 3
4 0
1 1
1 17
4 1
5 1
4 0
5 0
5 0
2 2
4 0
4 0
5 0
3 1
4 2
5 0
2 3
4 2
2 7
1 16
5 25
1 5
3 0
5 1
4 0
1 19
3 4
5 9
5 1
1 11
4 2
1 4
1 6
1 18
1 25
5 1
5 2
1 25
3 7
1 1
1 8
3 6
1 22
5 3
1 6
5 1
5 0
4 1
4 0
1 12
4 2
4 2
4 4
1 2
3 5
3 3
2 4
4 2
1 13
2 0
5 5
5 0
4 1
5 5
5 0
4 8
5 0
5 1
5 0
5 2
5 1
1 6
4 0
5 2
1 5
5 4
5 6
1 8
5 7
4 3
4 1
1 7
4 1
1 20
3 2
1 8
4 6
5 2
4 4
1 8
4 1
3 1
1 10
4 1
1 31
4 6
4 1
5 0
5 1
4 3
4 4
5 4
2 10
5 0
1 23
1 22
1 9
5 1
1 24
2 3
5 2
1 13
4 0
4 2
1 25
2 9
4 1
5 1
5 10
5 1
4 0
2 1
4 4
1 22
3 2
1 4
3 1
1 9
3 9
1 11
5 4
4 1
5 0
2 2
5 0
5 0
5 0
4 0
4 0
4 1
2 4
4 1
2 3
4 0
5 1
4 0
3 3
4 4
3 2
5 1
1 2
4 2
2 4
5 7
5 3
3 6
5 1
4 0
4 6
5 3
2 10
1 1
1 162
4 1
1 7
1 13
5 2
2 2
4 1
1 10
3 13
1 21
1 15
4 4
3 1
1 5
5 0
5 11
1 20
3 6
1 17
2 6
1 2
5 3
3 3
1 15
1 43
1 35
5 4
5 2
4 8
5 1
5 4
4 1
1 12
1 2
3 1
5 7
4 6
2 83
3 1
4 7
3 1
5 5
1 36
4 7
1 7
1 9
5 4
5 4
1 14
3 0
2 13
4 21
5 3
4 9
3 9
2 12
5 11
1 13
1 7
2 3
4 4
1 17
3 9
1 1
2 6
5 1
3 16
1 6
2 2
4 1
5 7
4 0
1 11
1 16
1 5
1 16
5 1
4 3
1 25
1 22
4 2
4 0
5 2
3 4
1 15
4 3
1 13
5 2
5 2
1 30
5 5
3 0
3 2
1 11
1 13
3 1
2 8
1 4
4 4
5 1
1 8
5 6
4 1
1 17
3 0
1 4
3 2
4 1
1 305
4 1
4 5
1 25
2 12
2 7
1 36
5 1
1 38
5 6
1 14
5 7
2 8
4 8
1 15
3 1
1 7
1 16
5 14
5 4
1 7
5 12
2 5
1 33
5 17
1 20
1 12
4 25
1 11
4 4
5 3
2 19
4 1
3 2
1 17
4 0
1 40
3 19
3 2
5 0
3 14
5 0
3 23
1 33
1 8
5 1
4 7
1 6
4 0
5 0
1 30
1 10
1 9
5 2
1 14
1 87
5 23
1 55
3 1
5 27
4 0
1 3
1 12
1 15
4 5
2 6
3 14
1 14
1 16
4 2
2 9
5 1
2 16
1 12
3 2
1 28
1 4
5 1
3 22
5 16
1 8
5 0
5 6
5 17
4 1
1 34
1 17
4 0
5 2
4 2
5 0
5 6
1 42
4 9
5 6
1 11
5 17
1 1
1 29
4 1
2 15
2 2
1 19
3 7
4 2
1 21
1 10
1 30
4 0
3 1
5 1
2 7
1 78
4 11
4 0
1 31
5 5
5 13
4 5
2 12
1 6
3 4
4 1
4 2
3 1
2 79
4 2
4 0
1 27
2 7
4 0
1 7
1 5
3 2
4 5
1 6
1 53
2 4
4 6
1 3
1 14
1 18
4 1
1 15
4 10
1 71
4 7
1 26
1 5
5 2
1 9
1 11
1 8
5 2
1 142
2 3
1 1
5 7
5 2
3 1
1 703
5 8
4 2
4 1
3 1
1 12
3 2
1 3
5 2
5 1
4 1
5 0
4 12
5 11
2 6
3 22
1 5
1 8
4 17
4 76
1 2
1 147
5 4
1 7
5 0
5 2
1 381
3 3
2 2
1 19
5 2
3 6
1 73
4 5
4 13
4 3
2 11
1 12
1 10
4 5
5 3
4 5
4 2
5 1
5 6
4 6
2 10
1 22
4 1
5 1
2 2
5 1
1 44
4 2
1 42
4 1
2 13
5 1
3 2
3 0
4 0
1 11
2 11
1 3
5 0
2 2
2 10
1 3
4 2
1 13
2 3
3 1
5 0
1 110
2 10
2 10
5 8
1 14
1 4
4 1
5 1
1 4
5 0
2 2
4 10
4 10
4 8
1 1
1 10
5 0
1 4
4 8
3 4
4 0
4 0
4 0
4 0
4 1
3 1
1 1
1 0
1 5
3 4
2 2
5 1
1 6
5 1
4 32
5 14
5 16
4 2
5 6
5 1
5 0
4 1
1 24
3 0
4 0
5 3
3 2
1 40
5 9
3 6
2 6
3 0
1 60
2 20
5 3
1 12
5 3
5 13
4 1
5 2
5 0
5 2
1 46
5 16
5 5
5 3
1 4
5 2
5 8
5 10
5 2
5 7
5 4
1 34
4 7
1 42
5 6
5 7
5 0
1 62
5 7
4 2
1 6
5 0
5 8
4 3
5 0
5 1
2 23
3 2
1 7
5 25
1 7
3 6
5 26
5 2
5 5
5 2
4 4
4 3
5 12
5 8
4 8
5 98
2 10
4 12
5 11
1 13
1 11
1 29
4 9
3 4
5 38
1 50
4 11
3 9
5 14
4 5
4 4
4 8
1 28
5 5
5 5
5 19
2 12
2 15
3 2
5 17
5 5
5 16
4 1
5 0
5 41
5 7
4 37
3 22
4 11
5 29
5 27
1 67
5 12
2 15
1 25
2 16
5 14
5 11
5 1
5 13
5 11
5 10
2 412
5 18
4 2
5 0
4 5
5 104
5 5
5 5
5 17
3 14
1 29
5 32
1 3
5 5
5 2
5 0
4 0
5 1
4 3
5 0
1 16
1 17
4 0
1 20
5 0
1 16
5 0
5 0
5 0
2 11
5 0
5 0
5 0
5 0
5 2
5 1
5 0
3 0
5 0
1 13
5 0
5 1
5 0
5 0
5 2
2 9
5 0
5 0
5 0
5 1
5 1
