1 22
1 22
5 7
1 92
5 3
1 68
4 9
3 4
2 30
5 8
1 71
5 14
1 72
1 77
5 10
1 65
1 59
1 56
3 7
1 136
1 54
1 59
5 5
1 47
4 6
1 53
1 169
5 7
1 50
5 8
1 79
2 23
3 18
1 34
1 45
1 36
2 20
3 7
1 59
4 3
3 4
5 3
5 5
1 34
1 38
1 35
5 7
1 28
1 24
1 46
5 6
1 35
1 35
4 5
3 4
5 5
2 22
1 38
5 6
2 13
1 40
3 7
1 36
5 6
1 28
1 35
4 2
1 32
4 11
5 11
5 11
5 7
1 26
4 4
1 21
3 9
1 32
1 35
1 100
1 29
2 18
1 17
2 15
1 16
2 16
1 16
1 17
1 19
2 15
3 9
4 8
2 17
1 34
2 14
1 15
1 13
1 17
1 17
1 19
4 7
3 14
5 10
2 14
1 30
2 22
5 8
1 13
1 17
2 10
5 8
4 11
1 10
1 19
1 22
1 15
5 14
1 25
2 19
1 21
1 18
2 17
4 15
1 28
3 13
4 9
1 26
5 9
1 41
4 9
1 25
1 31
2 13
1 32
1 42
1 23
3 7
2 22
1 29
1 28
1 30
5 14
1 36
1 26
1 28
5 9
1 110
1 36
2 29
1 24
1 31
1 44
1 30
3 6
1 26
4 14
1 33
1 28
1 23
1 23
1 20
1 24
3 20
5 10
5 10
2 26
2 19
2 4
3 10
1 18
1 28
2 26
1 29
1 31
2 26
1 24
4 13
5 14
1 24
1 23
5 18
5 20
3 5
4 3
2 20
1 23
5 15
1 24
2 25
1 32
1 22
5 17
5 28
1 20
4 14
5 22
2 12
2 11
2 12
1 24
1 12
1 22
1 19
4 6
1 23
1 21
4 8
2 22
5 9
1 20
1 26
1 23
4 6
1 24
2 12
1 21
4 10
1 29
2 22
4 7
5 13
2 16
3 5
3 9
1 27
4 7
2 19
5 10
2 9
1 18
3 8
5 16
3 12
3 5
5 14
2 13
2 19
1 25
2 17
2 19
1 33
1 25
1 33
5 14
2 11
2 3
3 22
2 16
1 19
5 8
3 2
2 10
2 16
2 17
2 15
2 16
2 25
1 16
2 13
1 14
1 15
2 25
2 16
5 7
5 6
5 7
3 16
4 5
2 15
5 12
1 16
3 9
2 16
5 7
3 14
3 8
1 14
2 14
2 11
5 7
5 11
3 8
2 11
2 7
3 12
1 17
4 4
2 13
2 13
2 11
2 19
2 19
5 5
1 25
2 23
3 17
4 3
1 24
5 9
2 13
5 7
1 22
2 17
2 15
1 18
1 19
4 8
2 19
1 20
1 26
2 15
5 5
3 9
2 15
2 11
3 12
2 13
4 2
1 15
4 7
1 13
1 20
2 10
1 10
3 8
2 11
5 11
3 10
2 15
3 10
2 10
5 3
2 19
2 13
3 8
1 19
1 27
1 14
3 23
5 6
5 4
1 23
2 7
2 19
1 17
3 14
1 24
2 17
2 4
3 10
1 24
1 21
5 4
2 15
3 17
5 6
1 20
2 22
3 16
5 8
1 32
5 7
5 5
5 6
1 28
3 13
3 12
3 20
3 7
1 25
1 27
1 37
1 22
5 6
1 33
1 49
3 26
4 3
2 55
4 3
3 37
4 6
1 30
1 25
2 30
4 15
3 8
4 11
2 30
2 22
2 21
2 20
1 16
3 19
4 3
3 13
4 6
5 6
3 10
1 19
1 25
4 5
2 22
3 9
4 4
1 19
1 22
5 7
4 4
1 28
1 20
3 18
2 14
4 4
5 10
1 27
1 24
5 13
4 8
1 25
1 17
5 7
1 41
2 18
1 32
4 8
1 19
3 15
2 58
1 23
2 18
2 19
5 14
3 8
3 17
1 24
5 12
2 20
2 831
5 6
4 5
1 28
1 33
2 22
1 31
5 8
2 21
2 37
2 18
1 47
3 20
2 50
1 39
1 27
3 25
1 17
1 22
1 20
3 17
1 21
1 26
2 15
1 19
1 25
1 21
5 14
1 11
3 6
3 27
5 9
4 10
4 9
5 7
3 13
2 20
4 3
2 20
1 24
3 19
2 22
1 23
3 11
4 3
5 14
3 15
2 27
5 6
3 11
4 23
5 6
5 8
4 31
1 27
3 14
1 25
2 5
4 11
5 14
4 2
2 32
2 27
4 12
2 26
1 24
4 9
1 21
3 5
4 11
2 32
2 18
5 16
5 16
1 35
3 22
4 5
3 15
5 9
4 7
1 34
5 6
5 13
2 26
5 9
2 23
2 25
5 13
1 37
2 29
5 10
1 31
5 11
2 26
4 7
1 39
4 16
2 56
1 77
4 7
1 46
1 39
3 15
1 38
1 47
3 9
2 37
1 55
5 7
3 13
1 79
2 32
2 58
3 7
2 40
4 17
5 7
1 42
5 8
1 33
2 31
5 8
5 9
2 38
5 10
2 33
1 513
1 68
4 17
1 50
4 52
5 12
