5 0
5 0
5 1
4 1
5 1
1 13
4 0
5 1
5 1
5 0
2 2
5 0
5 1
4 2
5 0
5 1
5 1
4 0
4 0
3 1
5 1
3 1
3 2
4 0
5 0
5 1
5 1
2 1
5 2
5 4
5 2
5 1
5 0
4 1
5 1
5 0
5 3
5 2
4 0
3 2
5 0
5 4
5 6
4 1
4 1
5 1
5 0
3 2
5 0
5 3
5 0
2 5
5 1
5 5
5 1
5 3
1 16
5 4
5 6
5 9
5 2
5 3
3 8
5 2
5 3
4 0
5 1
4 1
2 7
5 6
5 3
5 4
5 0
5 3
5 3
5 3
5 1
5 0
5 1
5 3
5 7
5 6
4 4
5 0
4 2
5 0
3 3
3 9
4 4
5 2
5 1
5 2
5 2
5 5
5 2
2 4
5 3
2 6
1 15
5 1
4 1
5 1
5 0
5 1
5 1
4 0
3 3
5 4
5 0
4 0
4 1
5 2
5 4
4 2
5 0
4 3
5 0
5 1
5 1
5 0
4 4
1 10
4 1
4 0
4 4
5 1
5 1
2 9
5 1
5 4
5 0
5 2
5 0
5 0
3 3
5 1
5 0
5 0
5 0
5 0
3 0
5 1
5 0
1 37
2 5
3 1
4 8
5 1
3 0
5 2
4 0
5 4
2 3
4 3
3 7
4 2
5 0
5 2
4 3
5 5
5 3
3 0
5 2
5 2
4 0
5 0
5 1
4 2
5 10
5 0
4 0
5 0
5 0
4 0
5 1
5 1
4 0
2 3
5 0
5 2
3 2
3 8
5 9
4 0
5 0
5 0
5 0
5 2
5 0
5 0
4 0
5 0
5 1
5 2
5 1
2 5
5 0
4 0
5 0
5 4
5 4
5 0
4 2
3 6
5 1
5 1
5 3
5 3
5 0
5 2
5 1
5 1
5 1
5 3
4 1
5 3
5 2
5 3
5 0
4 2
5 4
5 5
5 2
5 4
5 0
5 3
5 3
5 2
1 12
5 8
4 3
5 22
5 2
5 6
5 1
5 2
5 1
5 5
4 0
3 1
4 0
5 1
1 8
5 0
5 0
3 1
5 0
4 0
1 9
5 3
5 2
3 0
3 0
5 3
3 1
5 1
5 0
5 0
5 2
4 2
2 7
4 1
5 3
4 1
5 0
5 2
5 1
5 0
5 3
3 3
5 4
3 1
5 0
3 5
5 0
5 1
5 0
5 2
5 0
5 3
3 3
3 9
4 1
5 0
5 0
2 4
2 0
4 1
5 2
5 2
5 0
5 4
4 1
5 1
5 5
4 1
4 0
5 3
5 1
5 2
2 3
5 1
5 2
4 1
5 0
2 1
5 3
5 1
4 3
5 6
5 5
2 2
3 2
5 4
5 0
5 3
4 0
5 2
1 2
5 0
5 0
3 2
2 5
4 0
3 1
5 1
1 11
5 1
5 0
5 2
4 1
2 3
5 2
1 1
3 4
5 4
5 1
5 0
5 1
4 0
5 2
5 5
2 6
3 3
5 4
5 0
5 1
4 1
5 0
5 1
4 0
5 0
5 1
1 15
5 0
4 0
3 18
3 2
5 0
4 0
5 0
3 2
4 3
4 1
3 1
1 5
4 5
4 2
3 8
5 1
5 3
5 0
4 2
4 3
2 3
5 0
2 4
5 2
4 1
5 2
5 1
4 1
5 3
1 5
5 2
3 5
3 2
5 1
4 2
5 3
4 0
3 4
5 1
4 1
5 1
5 1
5 2
5 0
5 0
5 0
5 4
5 5
4 1
3 4
4 0
5 3
3 1
4 1
4 2
4 1
5 2
4 2
5 6
5 1
4 1
3 1
5 2
5 1
5 0
2 1
5 1
5 1
3 4
5 0
5 0
5 0
3 1
4 0
5 0
5 0
5 0
3 43
2 2
5 5
5 8
5 0
5 7
5 1
5 1
3 0
2 5
3 0
4 0
3 4
5 11
5 1
4 4
5 2
5 0
5 0
5 2
5 0
4 3
5 2
5 6
5 4
3 2
5 0
5 2
4 0
5 2
5 0
5 0
4 0
5 0
5 1
3 1
5 2
2 17
1 22
5 3
5 1
4 3
5 1
2 0
5 2
1 3
5 0
5 2
5 1
5 2
5 0
3 1
5 1
2 2
2 0
1 7
3 0
4 2
2 0
3 1
3 3
4 0
4 0
5 1
2 1
5 0
5 0
5 1
5 1
5 0
5 0
5 0
5 0
5 0
5 1
3 0
5 0
5 2
5 0
4 1
2 0
2 3
3 0
5 0
5 0
5 1
5 0
4 4
3 3
5 4
3 3
4 1
5 0
2 10
2 5
2 15
2 14
4 0
5 2
5 1
5 1
5 1
5 2
5 1
4 0
5 0
4 0
5 0
5 0
5 3
5 2
3 0
2 5
5 2
4 0
4 0
3 2
1 14
1 34
2 3
3 3
5 2
5 0
4 0
3 1
2 3
5 1
5 2
5 2
5 1
5 2
2 5
5 1
5 3
1 28
5 2
3 2
5 2
4 1
3 3
5 2
5 1
5 1
4 0
2 3
5 0
5 1
4 0
5 4
3 5
5 4
4 3
2 11
5 2
4 2
5 0
5 1
5 0
4 0
3 4
3 2
1 31
5 1
3 1
5 0
2 5
5 3
5 0
5 1
5 2
4 1
4 1
1 27
5 14
4 0
2 4
5 0
4 0
2 1
5 0
4 0
3 1
2 1
4 0
3 0
4 0
5 0
5 2
2 0
4 0
4 0
3 0
5 2
5 4
5 0
2 7
5 2
5 1
5 1
5 0
4 1
5 0
4 6
5 2
1 22
4 1
5 0
5 1
5 15
5 0
4 0
3 0
4 1
5 0
5 2
5 1
5 0
5 0
2 0
5 1
3 2
5 1
4 1
4 0
5 467
5 43
4 0
5 1
4 0
5 0
5 0
5 0
5 5
4 2
4 1
5 0
5 1
5 0
5 2
4 0
5 1
4 0
5 1
4 5
4 0
4 0
5 0
5 0
2 2
5 1
1 6
1 9
5 1
4 2
5 1
5 1
2 39
3 6
4 4
4 6
4 0
5 2
3 1
2 6
5 0
3 0
5 1
5 0
5 0
4 0
5 1
4 0
4 0
5 0
5 3
2 0
5 1
4 1
4 0
3 0
1 4
5 0
5 0
2 1
1 10
1 4
4 0
5 0
5 0
4 0
5 2
5 0
5 0
4 0
5 4
5 3
3 0
3 1
2 1
5 0
3 0
5 3
3 0
4 1
5 0
4 12
5 0
4 1
2 1
5 0
5 1
3 6
5 0
5 6
5 1
4 0
5 0
5 3
3 3
5 3
5 1
5 3
5 0
5 1
3 1
5 0
5 1
5 0
4 3
4 3
5 1
5 1
5 4
1 5
4 3
2 8
4 2
4 1
5 2
5 1
1 10
1 12
5 0
5 1
5 0
5 1
1 18
1 5
4 2
1 17
5 4
5 4
1 18
1 42
5 6
3 1
5 0
5 0
5 3
3 4
5 2
4 0
1 7
5 2
5 0
5 1
5 1
4 1
3 1
1 3
5 0
3 2
2 2
5 2
5 1
3 0
3 4
5 1
5 2
5 1
4 2
5 4
5 1
5 0
2 0
3 2
2 1
5 3
4 4
5 1
3 14
5 2
3 3
5 0
4 1
5 0
5 4
5 1
5 2
5 3
2 1
5 1
5 1
4 1
3 5
4 0
5 0
5 0
5 0
5 0
5 0
5 0
3 0
5 0
5 0
3 1
5 7
5 1
5 1
5 0
5 0
5 0
4 2
5 2
3 3
4 0
5 24
5 0
2 1
4 0
3 2
4 14
4 2
3 2
5 0
5 0
5 0
2 0
3 1
1 1
5 1
5 0
3 1
5 0
5 1
5 0
5 0
5 1
1 44
4 0
5 0
4 1
5 0
5 0
4 1
3 0
5 2
5 0
5 0
5 2
3 0
5 0
5 3
3 2
1 9
4 2
5 0
5 0
3 2
5 2
3 4
3 0
3 8
5 1
5 1
5 0
4 0
3 2
3 3
2 1
1 3
1 2
5 0
4 2
2 1
5 0
5 1
5 0
5 0
3 0
4 0
2 0
5 0
5 0
5 1
5 0
5 0
5 0
3 0
4 0
5 0
4 0
5 0
5 0
5 0
5 1
4 0
4 1
5 0
2 0
4 0
4 0
1 6
4 0
5 1
4 1
3 0
4 1
2 0
2 0
5 0
5 0
5 0
1 15
5 0
5 0
4 0
5 1
5 0
5 0
5 0
5 0
3 0
3 1
5 0
4 0
5 0
5 0
4 0
5 0
5 0
5 0
5 0
5 0
5 0
5 0
5 0
5 0
4 0
4 0
3 2
2 1
4 2
4 6
5 0
5 0
5 0
1 8
2 0
1 19
5 0
5 0
5 0
4 0
5 0
3 0
5 0
4 0
5 0
5 0
3 0
4 0
4 0
4 0
4 0
1 7
5 0
3 1
3 0
4 0
5 0
3 0
3 0
4 0
5 0
2 0
3 0
3 0
2 0
5 0
5 0
5 0
2 0
4 0
5 0
4 0
5 0
4 0
3 0
5 0
5 0
2 0
5 0
5 0
5 1
5 0
5 0
5 0
4 0
5 0
5 0
5 0
1 5
3 1
5 0
3 0
4 0
5 0
4 3
5 3
4 6
4 0
1 15
5 3
5 13
4 5
3 12
4 2
5 0
2 13
5 0
4 2
4 2
5 3
5 1
4 3
5 0
3 3
2 6
3 2
1 8
5 0
5 0
3 3
5 5
5 0
2 26
5 0
5 1
4 4
5 2
3 2
3 11
5 0
5 0
5 6
5 2
5 0
5 1
3 2
5 3
3 1
4 0
5 0
4 0
5 0
5 1
4 1
3 7
4 6
5 0
5 0
5 0
5 2
5 0
5 0
4 1
2 10
5 3
4 2
1 17
5 1
5 0
5 0
5 3
5 0
5 0
2 8
3 1
1 10
5 0
5 0
2 5
5 0
5 0
1 5
5 1
2 5
5 2
4 1
4 2
1 7
2 4
5 1
2 0
5 1
2 20
2 7
4 1
5 2
5 1
5 0
5 0
4 1
2 4
5 2
5 0
2 2
5 0
5 2
5 0
5 1
1 15
3 3
4 2
5 0
5 0
4 1
5 0
3 1
3 2
5 0
2 2
4 3
3 19
5 0
5 3
4 1
4 0
5 4
1 5
3 3
5 0
2 4
5 2
5 1
2 2
1 8
5 0
1 22
4 1
3 7
5 1
5 1
4 1
2 5
1 9
5 0
5 0
5 1
5 0
3 1
5 0
1 25
4 0
4 2
5 0
3 2
5 0
4 1
4 1
4 1
3 0
5 0
5 0
1 11
5 0
2 6
5 0
5 0
5 1
1 4
5 0
5 1
4 1
3 1
5 0
5 0
5 0
3 2
5 1
5 1
5 0
5 1
4 2
5 1
4 1
2 8
4 1
3 2
5 0
5 3
5 0
5 5
2 12
1 30
5 1
2 10
1 44
5 0
5 1
5 1
4 1
5 4
3 2
5 1
4 1
5 0
3 3
5 0
5 0
5 1
2 3
4 2
4 4
3 3
3 0
2 6
2 0
1 14
4 3
5 1
2 3
5 1
3 5
5 1
3 3
5 3
5 0
5 0
5 0
5 0
5 0
2 5
5 1
3 2
4 1
4 1
5 2
4 0
5 0
3 2
4 0
5 2
3 4
1 6
4 3
5 0
3 4
5 1
1 12
4 2
5 0
5 2
5 3
2 4
3 1
3 45
5 2
5 1
4 2
5 4
1 7
3 3
5 3
5 1
4 1
5 0
5 1
5 1
5 1
4 2
4 1
4 1
5 1
4 1
3 2
3 2
5 2
5 1
5 1
5 1
2 2
5 1
5 0
4 0
5 0
5 1
4 0
5 4
4 0
5 0
4 1
5 1
5 0
4 0
2 3
5 3
4 0
5 0
2 3
4 0
3 2
4 1
3 3
5 1
5 0
5 0
2 1
4 1
2 3
5 0
4 0
4 0
5 1
5 0
5 0
2 1
5 0
5 1
5 0
3 0
5 0
4 1
5 1
2 1
4 5
5 0
4 0
5 11
5 1
5 4
5 0
5 0
5 1
3 0
5 0
5 0
4 4
2 3
3 1
5 0
5 0
3 0
3 10
5 2
5 2
5 1
1 5
2 4
4 7
5 0
5 0
4 2
5 0
5 1
5 2
4 1
5 0
4 0
5 5
4 6
5 0
3 1
5 0
2 7
5 1
5 0
3 6
5 4
4 6
5 4
4 2
3 6
4 3
4 1
5 0
4 6
5 2
5 1
5 3
3 2
5 0
5 1
4 7
5 1
4 0
5 0
3 18
3 3
1 42
5 1
3 3
5 1
5 0
5 0
5 0
4 1
5 0
5 0
4 1
4 0
4 1
2 6
5 3
5 0
4 0
1 10
4 0
5 0
5 0
5 1
4 1
5 0
5 0
5 2
5 0
5 0
4 1
5 1
5 1
5 1
5 1
5 1
5 1
5 1
5 1
5 30
4 1
5 0
5 0
5 0
3 3
4 0
4 6
5 4
5 0
4 2
5 0
5 3
4 1
5 0
4 1
2 10
5 0
5 0
5 0
4 0
5 1
5 1
5 0
5 0
3 4
5 0
5 1
5 0
5 0
5 0
3 4
5 0
4 1
4 0
4 1
5 0
5 1
5 1
3 5
4 2
4 0
4 3
4 0
3 1
4 0
3 3
5 1
4 0
3 2
5 1
5 0
3 1
5 1
5 2
5 0
3 3
1 11
5 0
5 1
5 0
5 16
3 8
2 5
5 2
3 33
3 2
3 1
5 4
2 3
4 0
1 28
5 0
4 0
2 4
3 5
4 0
4 1
5 0
5 1
4 1
4 1
5 1
5 0
5 0
4 0
3 10
5 0
5 0
5 0
4 0
4 1
5 0
4 0
3 15
5 0
4 1
5 5
5 0
3 2
5 0
2 7
3 7
4 3
4 0
3 4
5 0
5 1
3 2
4 0
5 0
3 3
5 0
2 3
2 4
5 6
3 4
5 0
3 3
5 0
2 12
5 0
5 0
1 23
3 3
3 1
5 0
5 0
5 5
5 0
5 0
4 0
2 3
4 0
5 0
5 0
5 0
5 0
4 0
3 2
5 1
5 0
5 0
5 0
5 0
2 3
4 0
3 1
5 0
5 0
5 0
5 0
5 1
4 0
5 0
5 0
3 2
5 0
1 4
5 2
3 3
5 0
5 0
5 3
5 1
5 0
4 0
2 4
5 0
4 0
3 2
4 1
5 0
4 0
2 1
4 0
4 0
4 1
1 1
2 2
3 1
5 0
5 0
4 0
4 0
5 0
4 0
2 3
4 0
5 0
4 0
5 0
5 0
5 2
5 0
5 0
5 0
2 0
1 23
1 1
2 6
4 0
5 0
2 5
5 0
3 2
4 0
5 0
5 0
5 0
5 0
5 1
4 0
3 7
3 1
5 0
5 0
5 0
5 1
5 1
3 17
4 1
4 1
2 3
3 6
5 0
4 0
5 0
3 1
5 0
1 7
5 0
5 4
4 0
5 1
4 0
5 0
4 1
5 0
4 2
5 0
5 1
5 0
5 0
4 1
5 1
3 5
4 0
1 6
5 2
5 0
3 0
5 0
3 1
3 2
5 0
5 0
1 3
1 8
3 6
5 1
4 0
5 2
4 0
4 1
4 0
3 14
5 0
5 0
5 0
3 1
5 0
2 3
4 0
5 0
5 0
4 0
4 1
5 0
5 0
3 2
4 0
4 0
3 1
5 0
4 0
5 0
3 2
5 0
5 0
3 3
5 0
5 0
4 0
4 0
5 0
5 4
5 1
4 0
5 0
2 2
5 0
4 0
3 1
5 0
1 11
5 0
3 1
3 10
5 18
4 0
2 7
3 2
3 4
1 9
2 1
3 1
5 0
5 0
5 0
2 8
1 5
2 1
5 0
5 0
5 0
5 4
3 6
5 13
5 0
4 0
5 0
5 0
5 2
3 1
4 0
5 13
5 0
5 0
5 0
2 3
5 1
4 0
2 1
5 0
5 1
5 3
5 0
1 6
4 0
3 1
5 2
5 0
5 0
5 3
5 0
5 3
3 0
5 0
5 0
3 0
5 0
5 0
3 1
5 1
5 0
5 0
3 0
3 0
5 0
5 0
2 1
5 0
5 0
5 0
5 4
4 0
5 0
3 2
5 0
3 0
3 0
1 6
3 1
4 0
5 0
4 1
5 0
5 2
5 3
3 2
5 1
5 0
5 3
5 0
4 0
5 1
5 0
5 0
5 0
5 0
4 0
3 0
5 0
5 0
4 0
5 0
5 1
4 0
5 0
5 1
4 0
3 1
4 1
5 0
5 0
5 0
5 0
3 0
5 0
2 3
5 0
5 0
5 0
4 0
3 0
4 1
4 0
3 0
4 0
5 0
4 0
5 0
5 0
5 1
5 0
4 1
5 0
4 0
5 0
2 78
5 0
5 0
5 0
5 1
5 0
5 0
4 0
5 0
5 0
5 0
5 0
5 2
4 0
5 0
3 1
5 0
2 3
5 0
5 0
4 0
5 0
5 0
5 0
5 0
3 1
2 2
5 0
3 16
5 0
4 0
3 2
3 1
5 0
5 0
5 287
5 0
2 2
4 1
4 0
5 0
4 1
3 1
3 33
5 0
5 0
5 0
5 0
5 0
3 1
5 0
5 0
5 0
5 1
5 0
2 0
5 0
5 0
5 0
4 1
5 0
3 1
5 0
4 0
5 0
5 0
5 8
5 0
5 0
5 0
4 1
1 19
4 0
4 0
5 0
4 0
5 0
5 0
4 0
5 0
5 0
4 0
1 2
5 0
4 0
3 18
3 0
2 0
4 0
5 0
1 5
5 1
3 3
4 0
3 0
4 0
5 0
5 0
5 0
2 0
5 0
5 0
4 0
4 0
5 1
5 1
5 0
4 0
2 2
5 0
3 0
4 16
5 0
5 0
5 0
5 0
2 1
5 0
5 0
1 1
5 0
5 0
4 0
5 0
5 0
4 0
4 0
5 0
5 0
5 6
5 0
5 0
5 0
4 0
3 1
5 0
4 0
2 3
5 0
5 6
4 1
4 0
5 0
4 0
5 1
4 0
4 0
5 0
5 0
5 0
5 3
5 0
4 0
3 3
5 0
4 1
5 0
3 1
5 0
5 0
5 0
5 5
3 39
4 4
5 0
4 0
5 0
4 0
4 0
4 0
2 5
5 0
5 0
2 7
4 0
5 0
5 0
5 0
5 0
2 1
5 0
5 0
4 0
4 0
5 1
5 0
5 0
3 3
5 0
5 0
5 0
5 0
5 0
5 0
5 0
5 0
4 0
5 0
4 0
4 0
3 1
2 4
4 0
4 0
4 0
5 0
5 0
5 0
5 0
5 0
5 0
5 0
4 0
3 4
3 3
2 1
5 0
5 0
4 1
2 1
5 0
5 0
4 0
3 1
5 0
5 0
5 0
5 0
5 0
5 0
5 0
5 0
5 0
5 0
4 0
5 0
5 5
5 0
5 0
5 0
3 13
5 0
4 0
5 0
3 14
5 0
5 0
4 0
5 0
5 0
5 1
5 5
5 0
3 0
5 0
5 0
5 0
5 0
5 0
5 0
4 0
3 3
5 0
4 0
2 1
5 0
4 0
5 0
3 1
4 0
5 0
4 0
5 0
4 2
5 0
5 0
1 4
4 0
5 0
5 0
3 0
4 0
4 0
5 0
5 0
5 0
2 2
5 0
4 0
3 4
5 0
5 0
5 0
4 0
1 4
3 3
5 0
4 0
5 0
5 0
3 2
1 4
5 0
3 1
5 0
5 0
5 0
2 1
5 0
5 0
4 1
4 0
2 2
3 0
4 0
5 0
5 0
3 1
3 1
5 0
5 0
5 0
4 0
5 0
5 0
4 0
5 0
5 5
5 0
3 3
1 21
5 1
5 0
5 0
3 0
5 0
2 0
5 2
5 0
5 0
4 0
5 0
5 0
1 20
5 3
5 0
5 0
5 0
5 0
2 0
5 0
5 0
5 0
3 0
2 0
5 0
5 0
4 0
5 0
5 1
5 0
5 0
4 0
5 0
5 4
5 0
5 0
3 1
2 1
4 0
5 0
5 0
5 0
5 0
5 0
4 0
4 0
2 0
5 0
5 0
5 0
5 0
5 0
4 0
5 0
4 0
5 1
3 0
5 0
5 0
4 0
5 0
5 0
5 0
1 14
5 0
5 3
3 0
3 0
5 0
5 0
5 0
4 0
5 0
4 0
5 0
4 0
5 0
5 2
3 0
3 0
5 0
5 0
3 0
5 0
5 0
3 0
5 1
5 0
2 2
5 0
5 0
4 0
5 0
5 0
2 0
5 3
4 0
5 0
5 3
5 0
5 0
5 0
4 0
5 1
5 0
5 0
5 0
5 0
5 0
3 0
5 0
5 0
5 0
5 0
4 1
5 0
4 0
5 0
5 0
5 0
4 0
3 9
5 0
5 0
3 0
5 0
5 2
5 0
5 0
3 0
5 0
5 0
5 1
4 0
5 0
5 0
5 0
4 0
5 0
5 0
5 0
5 0
4 0
3 0
5 1
5 0
5 0
5 0
3 0
5 0
1 9
5 0
4 0
5 0
5 0
5 0
5 0
5 0
5 0
5 0
2 7
4 0
5 1
5 0
3 0
4 0
5 0
5 0
5 0
5 0
3 19
5 0
5 0
5 2
5 0
4 1
5 1
5 0
5 0
5 0
5 0
5 0
5 0
5 0
5 0
5 0
4 1
5 0
5 0
5 0
4 0
5 0
5 0
2 0
5 0
4 0
5 0
5 0
4 0
5 1
4 0
5 0
5 5
5 0
4 0
4 0
5 0
5 2
5 0
5 0
5 0
5 0
5 0
5 1
5 0
5 0
4 0
5 0
5 0
5 0
5 0
4 0
5 0
5 0
5 0
5 0
1 7
5 0
2 0
5 0
5 1
5 0
2 0
5 0
3 1
5 0
5 0
5 0
5 0
5 0
4 0
3 1
5 0
4 0
3 0
3 1
5 0
1 1
5 0
5 0
3 0
5 3
3 0
5 0
5 0
5 0
5 0
5 0
4 0
5 0
5 1
5 0
5 0
5 8
3 2
5 0
5 0
5 0
5 0
2 11
4 0
5 0
5 0
5 0
4 1
5 0
4 0
5 0
5 0
5 4
5 0
5 0
3 0
5 0
5 0
5 0
3 5
5 0
5 0
5 0
5 1
5 0
4 0
4 0
5 0
5 0
5 0
5 0
4 0
5 0
3 19
5 6
5 0
5 0
5 0
2 0
5 0
5 0
4 0
5 0
5 0
5 0
5 2
5 7
4 0
3 18
5 0
5 0
5 0
4 0
4 4
5 6
4 0
5 0
5 0
4 0
5 0
5 0
5 8
5 1
5 0
5 0
5 0
5 0
5 0
1 21
4 0
5 0
5 0
4 0
5 0
4 0
5 0
4 0
5 0
5 0
5 0
4 0
4 0
5 0
5 0
4 8
5 3
5 0
5 0
5 0
5 0
5 3
5 7
4 0
2 1
5 18
5 0
5 0
5 0
5 0
4 0
5 0
5 0
5 1
5 29
5 0
5 0
4 0
4 1
5 0
5 0
5 1
5 0
5 0
5 0
5 0
3 0
5 1
3 0
5 0
5 0
5 0
4 0
5 0
4 148
5 0
5 4
4 3
5 0
3 4
5 1
5 1
3 1
5 0
5 0
4 0
5 2
5 0
3 35
4 0
5 1
5 0
4 0
3 0
5 0
3 25
5 0
5 0
5 0
5 0
2 0
5 0
5 0
5 0
3 0
5 0
5 0
5 0
5 0
5 0
4 0
3 0
5 0
5 0
5 0
3 11
4 0
3 21
5 0
3 1
5 0
5 0
5 0
4 0
5 0
5 0
5 1
5 0
5 0
4 0
4 0
5 0
5 0
5 0
5 3
2 0
5 0
4 1
4 0
5 0
5 0
5 0
4 0
4 0
5 0
5 0
5 0
5 0
5 0
5 0
5 0
5 0
1 2
3 0
5 0
5 0
5 6
5 0
5 0
5 4
5 0
5 0
5 0
5 0
1 5
5 0
5 0
5 0
5 0
5 0
4 0
5 0
3 1
5 0
3 11
5 0
5 0
5 0
3 0
5 0
4 0
5 0
5 0
5 0
5 3
5 1
4 1
5 0
4 0
5 0
4 0
4 0
5 0
5 0
5 1
5 9
5 2
5 0
5 0
4 0
5 0
5 0
5 1
3 3
5 0
5 0
5 0
5 0
5 0
5 0
5 0
5 0
5 1
5 0
4 4
5 0
5 0
5 27
5 27
5 0
5 0
5 0
4 1
5 6
5 0
5 0
5 0
5 0
5 0
4 0
5 0
5 0
5 0
5 0
5 0
5 0
3 1
5 0
5 0
5 0
5 0
5 0
4 0
5 48
5 0
5 1
3 1
5 0
5 3
5 0
5 1
3 0
4 0
5 0
2 1
5 0
5 7
5 1
5 0
5 0
4 0
5 0
5 0
5 0
5 3
3 20
5 0
5 0
5 0
5 0
5 0
5 0
5 0
5 0
4 2
4 0
4 0
5 0
2 1
5 0
2 2
4 0
5 0
5 0
5 1
5 0
3 0
2 3
4 0
5 0
4 0
5 0
5 0
5 3
4 3
5 0
5 0
5 0
5 0
3 4
5 0
4 0
1 13
5 0
5 0
5 0
5 0
5 0
2 3
5 1
5 1
4 0
5 0
5 0
5 0
5 0
4 0
5 0
5 0
4 0
4 0
5 0
3 0
5 0
5 6
5 1
5 0
4 0
5 0
5 0
4 0
4 2
5 0
5 0
5 4
5 0
5 0
5 0
4 0
5 0
5 0
4 0
5 0
5 0
3 0
5 1
5 0
5 0
5 0
4 2
5 0
5 0
5 0
3 0
5 0
5 0
4 25
5 0
5 0
5 0
4 0
5 1
5 0
5 0
5 0
5 0
4 1
4 1
5 0
4 0
5 0
3 13
5 0
5 0
4 0
5 1
5 0
5 0
5 0
5 0
5 0
4 0
5 0
5 84
5 0
4 0
5 0
5 0
5 0
5 0
5 0
5 0
5 0
5 0
5 0
5 0
5 0
5 0
5 0
4 1
5 0
5 0
5 0
5 0
5 0
5 0
4 0
5 1
5 0
5 0
5 0
3 0
5 0
4 0
5 0
5 0
5 0
5 0
5 0
5 0
5 0
5 0
5 0
5 3
5 0
5 0
5 1
5 0
5 0
5 0
4 0
3 0
4 0
5 0
5 0
5 0
4 0
5 0
4 0
5 0
4 0
5 0
5 0
5 0
5 0
4 0
4 0
5 0
5 0
4 1
2 1
4 0
5 0
5 0
5 0
4 0
4 0
5 0
4 0
5 0
5 0
5 0
4 1
4 1
5 0
5 0
5 0
2 8
5 0
5 0
5 0
5 0
5 29
5 0
5 0
5 0
4 0
5 0
5 0
5 0
5 0
5 0
5 0
5 0
5 0
5 0
5 19
5 0
4 0
5 0
4 0
5 0
5 0
5 0
3 0
5 0
5 1
1 4
5 0
5 0
5 0
4 25
5 0
4 0
5 0
5 0
5 0
5 1
5 0
4 0
5 0
4 0
5 0
5 0
4 18
4 0
5 0
5 0
5 0
5 0
5 0
5 0
5 0
3 0
3 0
5 0
5 0
4 0
5 0
4 0
5 0
5 0
5 0
5 0
5 0
5 0
4 0
4 0
3 1
4 0
4 0
5 0
5 0
5 0
5 0
5 0
5 0
5 0
5 0
5 0
5 0
5 0
5 0
5 0
5 8
5 0
5 3
5 0
5 0
3 4
4 0
5 1
5 0
5 0
4 0
4 0
5 4
5 0
5 0
4 0
5 0
5 0
4 0
5 0
3 0
2 0
5 0
5 0
5 0
5 0
5 0
4 0
5 0
5 0
4 0
4 0
5 0
3 0
5 0
5 0
5 6
2 0
5 0
1 3
5 0
5 0
4 1
2 6
3 0
5 1
5 1
5 0
5 0
5 0
5 0
5 0
5 0
5 0
5 0
5 0
2 1
4 0
3 2
5 0
5 0
5 2
5 0
5 0
5 0
4 0
5 0
5 1
5 0
5 1
4 0
5 0
5 0
5 0
5 0
5 0
5 1
5 0
5 1
5 0
3 0
5 0
5 0
5 0
5 1
5 0
4 3
4 0
5 0
5 0
3 1
5 0
5 0
1 10
5 0
5 0
5 0
5 0
5 0
5 0
5 0
5 0
5 6
3 0
5 0
4 0
4 0
5 0
5 0
5 0
4 0
5 0
5 0
5 0
5 0
5 4
5 0
5 1
5 0
5 0
5 0
5 0
5 0
5 0
5 0
5 0
5 1
5 0
5 0
5 0
5 0
5 0
5 0
5 0
5 0
5 0
5 0
4 1
4 0
5 0
5 0
5 0
5 0
5 0
5 1
5 0
5 0
4 0
5 0
5 0
5 0
5 3
4 0
1 47
5 0
5 0
5 0
5 0
5 0
4 1
5 0
5 0
5 0
2 3
4 0
5 0
5 0
5 0
5 0
5 1
4 0
5 0
3 2
4 0
5 0
5 0
5 1
4 1
5 0
5 0
4 0
5 0
4 0
5 0
5 0
5 0
5 2
5 0
5 0
5 3
3 0
5 0
3 1
5 0
5 0
5 0
2 8
4 0
4 0
5 0
3 0
5 0
5 0
5 0
4 0
5 0
4 0
4 0
4 0
4 0
5 0
5 1
5 3
5 0
5 0
4 0
5 1
4 1
5 0
4 0
4 0
5 0
5 0
3 0
4 0
5 0
2 0
5 0
5 0
5 0
5 0
4 0
4 0
5 0
5 0
4 2
5 0
4 0
5 0
5 0
5 0
5 0
4 0
3 0
5 0
5 0
5 0
5 0
5 0
4 0
5 0
5 0
3 0
5 0
5 0
5 0
5 0
5 0
5 0
5 0
5 0
5 0
4 0
5 0
5 0
5 0
4 0
5 0
4 1
5 0
5 0
5 0
5 0
5 0
4 0
2 0
4 0
4 0
5 0
4 0
5 0
5 0
5 0
5 0
4 0
3 0
5 0
5 0
5 0
5 0
5 0
3 0
4 0
5 0
5 0
5 0
5 0
4 0
4 0
5 0
5 0
4 0
3 0
5 0
5 0
2 1
5 0
5 0
5 1
4 0
5 0
5 0
5 0
5 0
5 0
5 0
3 0
5 1
5 0
5 0
5 0
5 0
5 11
5 0
5 0
5 0
5 0
5 0
5 0
2 0
5 1
5 0
5 0
3 0
4 0
5 0
5 0
5 0
5 0
5 0
5 0
5 0
5 0
5 0
5 0
5 0
2 0
4 0
5 0
5 0
4 0
5 0
5 0
5 0
5 0
5 0
5 0
5 0
5 0
5 0
5 0
4 0
4 0
5 0
5 0
5 0
5 22
5 0
5 0
5 0
5 0
5 0
5 0
5 0
3 0
5 0
4 0
5 0
5 0
4 0
5 0
5 0
5 0
5 0
4 0
5 0
5 0
5 0
5 0
5 0
5 0
4 0
5 0
5 0
5 0
5 0
5 0
5 0
5 0
5 0
5 0
5 0
5 0
5 0
5 0
5 0
5 0
2 0
4 0
5 0
5 0
5 0
5 0
5 0
5 0
5 0
5 0
5 0
3 0
5 19
5 0
5 0
5 0
5 0
3 0
5 0
5 0
3 0
1 0
5 0
5 0
5 0
3 0
5 25
5 0
4 0
5 0
5 0
5 0
5 0
5 0
4 0
5 0
5 0
4 0
4 0
5 0
4 0
2 0
5 0
5 0
5 0
5 0
5 0
4 0
5 0
5 0
5 0
5 0
4 0
5 0
4 0
4 0
5 0
5 0
5 0
5 0
4 0
5 0
5 0
5 0
5 0
5 0
5 0
5 0
3 0
5 0
5 0
4 0
3 2
5 0
5 0
5 0
5 0
4 0
5 0
5 0
5 0
5 0
5 0
5 0
5 0
5 0
5 0
5 0
5 0
5 0
5 0
4 0
3 0
4 0
3 0
5 0
5 0
5 0
2 0
5 0
5 0
5 0
5 0
5 0
5 0
5 0
5 0
5 0
5 0
5 0
5 0
5 0
3 0
5 0
5 0
5 0
4 0
5 0
4 0
5 0
5 0
5 0
5 0
5 0
5 0
5 0
4 1
5 0
5 0
5 0
4 0
4 0
5 0
5 0
5 0
4 0
5 0
5 0
5 0
5 0
5 1
3 0
5 0
5 0
4 0
5 0
5 0
5 0
5 0
5 0
5 0
5 0
5 0
5 0
5 0
5 0
5 0
2 0
5 0
5 0
5 0
5 0
5 0
3 0
4 0
5 0
5 0
3 0
5 0
5 0
5 0
5 1
5 0
5 0
5 0
5 0
5 0
5 0
5 0
5 0
5 0
5 0
5 0
5 0
5 9
5 0
5 0
4 0
5 0
5 0
5 0
5 0
5 0
4 0
5 0
5 0
5 0
5 0
5 0
3 0
3 1
5 0
5 0
5 0
5 0
5 0
4 0
5 0
5 0
3 0
5 0
5 0
5 0
4 0
5 0
5 0
3 0
5 0
5 0
5 0
5 0
5 0
5 0
5 0
5 0
5 0
5 0
5 0
5 0
5 0
5 0
5 0
5 0
5 0
5 0
5 0
5 0
5 0
5 0
5 0
4 0
5 0
4 0
5 0
5 0
4 0
4 0
5 0
5 0
5 0
5 0
4 0
5 0
4 0
5 0
4 0
3 0
5 0
5 0
5 0
5 0
5 0
3 0
4 0
5 0
5 0
3 0
5 0
3 0
3 0
5 0
5 0
5 0
5 0
5 0
5 0
5 0
4 0
5 0
5 0
5 0
5 0
4 0
5 0
4 0
5 0
5 0
4 0
4 0
5 0
5 0
3 0
3 0
5 0
4 0
5 0
5 0
5 0
5 0
5 0
4 0
5 0
4 0
5 0
5 8
5 0
5 0
5 0
5 0
5 0
5 0
5 0
5 0
5 0
5 0
4 0
5 0
3 0
4 0
5 0
5 0
5 0
5 0
5 0
5 0
5 0
5 0
1 3
3 0
5 0
5 0
3 0
5 0
5 0
5 0
5 0
3 0
4 0
5 0
4 0
5 0
5 0
5 0
5 0
5 0
5 0
4 1
4 0
5 0
5 0
5 0
4 0
5 0
5 0
5 0
5 0
3 0
5 0
5 0
5 0
5 0
5 0
5 0
5 0
5 0
5 0
5 0
5 0
5 0
5 0
5 0
5 0
5 0
5 0
4 0
5 0
5 0
5 0
4 0
4 0
5 0
5 0
5 0
5 0
5 0
3 0
5 0
4 0
4 0
4 0
5 0
5 0
5 0
5 0
3 0
4 0
4 0
4 0
2 0
5 0
5 0
5 0
5 0
5 0
5 0
5 1
5 0
3 0
5 0
4 0
4 0
4 0
5 0
5 0
5 0
5 4
5 0
5 0
5 0
5 0
5 0
5 0
5 0
5 0
5 0
5 0
5 0
5 0
5 0
5 0
5 0
4 0
5 0
5 3
5 0
5 0
5 0
5 0
5 0
5 0
5 0
5 0
5 0
5 0
5 0
5 12
4 0
5 0
4 0
5 0
5 0
5 0
5 0
5 0
5 1
3 0
5 0
5 0
5 4
5 0
2 0
5 0
4 0
3 0
5 0
5 0
5 0
5 0
4 0
5 0
5 0
4 0
5 0
5 0
5 0
5 0
5 1
5 0
4 0
4 0
5 0
5 0
5 0
5 0
5 0
4 0
5 0
5 0
3 0
5 0
5 0
4 0
3 0
5 0
5 0
5 0
5 0
5 0
5 0
5 0
5 0
4 0
4 0
5 0
3 0
5 0
4 0
3 0
3 1
5 0
4 0
5 0
5 0
5 0
4 0
5 0
5 0
5 0
3 0
5 0
5 0
5 0
4 0
1 0
5 0
5 0
5 0
5 0
5 0
3 0
5 0
5 0
5 0
5 0
5 0
5 0
5 0
4 0
4 0
5 0
5 0
5 0
5 0
5 0
3 0
4 0
5 0
5 0
5 0
4 0
5 0
4 0
5 0
5 0
4 0
5 0
5 0
4 0
5 0
5 0
4 0
5 0
5 1
5 47
5 0
5 0
5 0
5 0
5 0
5 0
5 0
1 1
5 0
5 0
5 0
4 0
5 0
4 4
5 0
5 0
4 0
5 0
5 0
5 0
5 0
5 0
4 0
5 0
5 0
3 0
5 0
5 0
5 0
5 0
5 0
5 0
4 0
5 0
5 0
5 2
5 0
5 0
5 0
5 0
3 0
5 0
5 0
5 0
5 0
4 0
4 1
5 0
5 7
4 0
5 0
5 0
5 0
5 0
5 0
4 0
5 0
5 7
5 0
5 0
5 0
5 0
5 0
5 1
5 0
5 0
5 0
2 0
5 0
5 0
4 0
5 0
4 0
5 0
5 0
5 0
4 0
5 0
5 0
4 0
5 0
5 0
5 0
4 0
5 0
5 0
5 0
5 0
3 0
5 0
5 0
5 0
5 0
5 0
5 0
5 0
5 0
5 1
5 0
5 1
5 0
4 0
5 0
5 0
5 0
5 0
5 3
5 0
5 0
5 0
5 0
5 0
5 0
5 0
5 0
5 0
5 0
4 1
5 0
5 0
5 2
4 0
4 0
5 0
5 0
3 2
5 0
5 0
5 0
2 0
5 0
5 0
5 0
5 0
5 0
4 0
4 0
5 0
5 0
2 4
5 1
5 0
5 0
5 0
5 0
4 0
4 0
5 0
5 0
5 0
5 0
5 0
5 0
5 3
5 0
4 0
5 0
5 0
5 0
5 0
4 0
4 1
5 0
5 1
5 0
5 0
5 0
3 0
4 0
5 0
5 0
5 1
5 0
5 0
5 0
5 0
4 0
4 0
5 0
5 0
5 0
5 1
5 0
5 0
5 1
5 0
5 0
5 0
5 0
5 0
5 0
5 0
5 0
5 0
5 0
5 0
5 0
5 1
4 0
4 0
5 4
5 0
5 0
3 4
5 0
5 0
4 0
4 0
5 0
5 0
5 28
5 0
4 0
4 0
5 0
5 0
5 0
5 0
5 0
5 0
2 0
5 0
5 0
5 4
5 0
5 0
4 0
5 0
4 0
5 0
5 0
3 0
5 0
5 0
5 0
5 0
5 0
5 0
4 0
5 0
5 0
5 0
4 0
4 0
5 3
5 0
5 0
5 2
4 0
5 0
4 0
5 0
5 0
5 0
5 0
5 1
4 0
5 0
5 0
4 0
5 0
4 0
4 0
2 0
5 0
3 0
5 0
5 0
5 0
5 0
5 0
5 0
5 0
5 0
4 0
5 0
5 0
5 0
4 0
5 0
5 0
5 0
5 0
3 1
5 0
3 0
5 1
5 0
5 0
5 0
3 0
4 0
5 0
5 0
5 0
4 0
5 0
5 0
5 0
5 0
5 1
5 1
5 0
5 0
5 0
5 0
5 0
5 0
5 0
5 0
5 0
5 0
5 0
4 0
5 0
5 0
5 0
5 0
5 0
5 1
5 0
5 0
5 0
5 0
5 0
4 0
5 0
5 0
5 0
5 0
4 0
5 0
5 0
4 0
4 0
5 0
5 0
5 0
5 0
4 0
5 1
5 0
5 0
5 0
5 0
5 0
5 0
5 0
5 0
5 0
5 0
5 0
4 0
5 0
5 2
5 0
5 0
5 0
5 1
1 2
5 0
5 0
4 0
2 7
5 0
5 0
5 0
5 0
4 0
5 0
5 0
4 0
5 0
4 0
3 16
5 0
5 0
4 0
5 0
5 0
5 0
3 6
4 0
4 0
5 50
5 0
5 0
5 0
5 0
4 0
5 0
3 1
5 0
5 0
5 0
5 0
4 0
5 0
5 0
4 0
4 0
5 1
5 0
5 1
5 1
5 0
4 1
2 6
5 1
4 9
5 0
5 0
5 1
5 0
4 24
4 2
5 0
5 10
5 4
5 27
4 6
5 0
5 0
5 0
5 0
5 0
5 0
5 0
5 0
5 0
5 0
5 2
5 0
5 2
5 1
4 0
5 1
5 4
5 1
5 0
5 0
1 4
4 0
5 2
4 1
5 0
5 1
5 11
5 0
5 0
5 0
5 0
5 0
5 1
5 1
5 0
5 9
5 1
5 0
5 0
2 0
2 3
5 0
5 0
5 0
5 4
5 0
5 0
5 1
5 1
5 0
4 0
5 7
5 0
5 0
5 1
5 0
5 1
5 2
5 1
5 1
5 5
5 0
4 2
5 36
5 0
5 0
5 0
5 0
5 2
5 21
5 0
5 1
5 1
5 0
5 0
5 2
5 0
5 0
5 0
5 2
5 7
5 0
5 0
1 2
4 3
4 0
4 1
5 0
3 1
5 4
5 1
4 0
5 1
5 0
5 1
5 1
5 5
1 4
5 1
5 0
5 0
5 3
5 6
4 0
5 0
5 0
5 0
5 0
5 0
5 0
5 8
4 1
5 1
5 3
5 1
3 2
5 5
3 5
5 0
5 0
3 2
4 0
5 0
5 3
