5 0
5 0
5 0
5 0
5 0
5 0
3 0
5 0
5 0
5 0
5 0
5 0
5 0
4 2
4 4
3 2
5 1
5 0
5 2
5 1
4 1
4 1
5 1
5 4
3 1
5 2
5 2
1 7
5 1
4 2
5 4
5 3
5 1
4 0
5 0
5 0
4 0
5 0
5 2
4 0
5 1
4 1
4 0
5 1
5 1
5 1
5 0
5 0
5 0
5 1
5 0
5 1
5 1
5 0
5 0
4 0
5 1
5 0
4 0
4 0
5 0
5 1
5 1
4 0
4 0
1 8
5 3
5 0
4 0
5 0
5 0
4 0
4 0
5 0
5 0
4 0
5 0
5 1
5 0
5 0
5 0
5 0
4 0
5 0
4 0
5 0
5 0
4 0
5 0
5 0
3 1
5 5
5 0
5 0
5 0
4 0
5 1
5 0
5 0
5 1
4 1
5 0
5 0
5 2
5 0
5 1
5 0
5 0
5 3
4 0
4 0
4 0
5 0
5 0
5 0
5 0
5 0
5 0
5 0
5 0
5 0
4 0
5 0
4 0
5 0
5 0
5 1
4 0
5 1
5 1
4 0
5 1
5 2
5 0
5 1
5 4
4 0
5 2
5 1
4 0
5 0
1 5
5 1
5 0
5 0
5 0
5 0
5 0
5 0
5 4
5 0
4 0
5 0
4 0
5 1
5 1
5 4
5 0
5 0
5 0
5 2
5 1
5 2
5 0
2 6
5 1
5 1
5 3
5 1
5 1
5 0
5 0
4 1
5 0
5 0
4 1
4 0
5 1
5 0
5 5
5 0
4 0
4 1
5 0
5 0
5 1
5 2
5 1
5 0
5 1
4 1
5 3
5 1
5 0
5 1
5 1
5 1
4 0
5 2
5 3
5 0
5 0
5 0
5 0
5 0
5 1
5 0
5 0
4 0
5 0
4 0
4 1
5 0
5 1
5 2
4 1
5 0
5 1
5 0
5 5
5 1
4 1
4 0
5 1
4 1
4 0
5 0
5 1
5 1
5 0
5 1
5 0
5 1
5 0
5 0
5 0
5 2
5 0
5 0
4 3
5 0
5 1
4 1
4 2
4 1
5 0
5 0
5 2
5 1
4 3
5 0
5 1
5 0
5 3
3 0
4 0
5 0
5 1
5 3
5 1
4 2
5 0
5 0
5 0
5 1
4 0
5 2
5 0
5 0
5 0
4 0
4 0
5 0
5 0
2 1
5 1
4 3
5 1
5 0
5 0
5 0
4 0
2 3
4 1
5 0
2 2
5 0
5 0
5 0
5 0
4 3
5 0
4 0
3 2
5 0
5 0
5 0
4 0
5 0
4 0
5 1
5 4
5 6
5 7
4 0
5 2
5 2
5 3
4 8
4 1
5 1
4 0
4 0
4 0
5 1
5 0
3 0
5 1
4 0
5 7
4 0
5 0
4 0
5 0
5 4
5 1
5 0
5 1
5 0
5 1
5 3
5 0
5 0
5 0
5 0
5 24
5 0
4 0
5 2
4 2
5 0
2 4
5 0
5 1
5 5
4 0
5 0
5 2
5 0
5 1
5 0
4 1
5 0
5 0
5 0
5 3
5 7
5 0
5 0
5 0
3 3
5 0
3 4
5 0
5 1
4 1
5 0
5 0
5 0
4 0
5 0
5 0
5 4
5 0
5 1
4 1
1 9
5 1
5 1
3 5
5 0
5 0
5 0
5 0
5 0
5 0
5 2
5 0
3 4
5 3
3 2
5 5
4 2
5 1
5 0
5 0
5 0
5 2
5 1
5 0
5 1
5 0
5 0
5 0
5 0
5 7
3 0
5 0
5 6
4 3
5 2
5 13
5 0
5 0
5 0
5 0
5 1
5 2
4 1
5 1
5 1
5 1
5 2
5 1
5 1
5 1
5 0
5 0
5 0
5 1
5 0
5 0
5 1
5 0
5 3
5 1
5 0
5 0
5 0
5 0
5 0
5 0
2 7
5 0
5 0
5 0
5 1
5 1
5 2
5 0
5 16
5 0
5 0
4 1
5 4
5 0
5 0
5 0
5 0
5 3
5 0
5 1
5 1
5 1
5 1
5 3
4 3
5 0
5 1
5 1
5 1
5 2
5 1
5 1
5 0
2 36
5 160
5 0
5 8
5 4
5 1
5 0
4 2
4 0
5 1
5 1
5 0
5 0
5 0
5 2
4 1
5 7
5 0
5 3
5 0
5 1
4 0
5 0
3 1
5 1
5 0
5 1
5 0
5 0
4 0
5 2
4 7
5 0
5 2
5 3
5 6
5 2
5 1
1 3
5 71
1 5
5 0
5 0
5 1
5 0
5 5
1 7
5 7
5 1
5 4
1 5
1 4
2 3
5 5
5 0
5 1
5 1
5 0
5 4
5 0
5 2
5 0
4 0
5 0
5 1
5 6
5 0
5 7
5 1
5 0
5 0
5 0
5 0
5 0
5 2
5 1
5 0
5 0
5 2
5 1
5 1
5 0
5 0
5 0
5 1
5 2
5 0
5 2
5 2
5 1
5 0
5 2
5 1
5 2
5 3
5 5
5 6
5 7
5 0
4 0
5 0
5 2
5 1
5 1
5 0
5 1
5 2
5 1
4 3
5 0
5 0
5 4
5 0
5 0
5 0
5 1
5 2
5 5
5 1
5 4
5 0
5 0
5 0
5 2
5 1
5 2
5 2
5 4
5 0
5 0
5 0
5 0
2 18
5 4
5 0
5 2
5 1
5 0
5 0
4 1
5 0
5 5
5 0
5 1
5 3
5 6
4 1
4 1
2 5
5 3
5 14
5 2
5 3
4 2
5 2
4 0
5 0
5 3
4 1
5 3
5 0
5 0
5 0
4 0
5 0
5 5
5 0
4 4
5 0
5 3
5 3
4 1
5 0
5 1
5 0
5 0
5 0
5 2
5 4
4 0
3 1
5 0
5 12
5 0
5 0
5 2
5 0
5 0
5 0
5 8
5 7
5 19
5 1
5 6
5 1
4 2
5 0
5 1
5 0
5 0
4 0
5 0
5 0
5 0
4 1
3 0
3 6
5 85
5 15
4 15
3 3
5 0
5 0
5 2
5 0
5 4
3 0
5 0
4 5
5 6
5 3
4 3
5 2
4 2
5 0
5 8
5 3
2 5
5 1
4 0
5 1
5 0
5 0
5 0
5 0
5 0
5 1
5 0
5 0
4 0
5 0
5 8
5 2
5 2
5 0
5 14
5 2
5 0
5 1
5 1
5 1
5 1
5 2
5 9
5 1
5 2
4 2
5 0
5 4
5 2
5 1
5 1
5 0
5 7
5 0
3 9
5 1
5 16
5 2
4 4
5 3
5 0
5 0
5 1
5 0
5 0
5 1
5 6
5 0
5 6
4 1
5 1
5 0
5 2
5 0
5 0
5 0
5 9
5 15
5 6
5 0
5 0
4 12
5 0
5 0
5 3
5 0
5 2
5 14
5 12
5 11
5 3
5 1
2 1
5 0
5 0
5 101
2 12
5 3
5 10
4 9
5 0
5 3
5 5
5 2
5 0
5 0
5 0
5 5
5 1
5 0
5 0
5 0
5 6
4 54
5 0
5 0
5 13
5 2
5 2
5 0
5 0
5 29
4 25
5 5
5 0
5 0
5 4
5 0
1 7
5 1
5 0
5 0
3 0
5 9
5 5
5 0
5 1
5 0
5 23
5 12
5 35
5 7
5 10
5 2
5 2
5 11
5 0
5 1
5 0
5 29
5 6
5 7
5 4
5 2
5 3
4 0
5 24
5 1
5 14
5 3
5 8
5 3
5 0
5 0
5 0
5 0
5 4
5 0
5 10
1 8
5 0
5 21
5 2
5 0
5 4
5 17
2 60
5 0
5 38
2 2
5 1
3 4
5 2
5 0
5 1
5 4
5 3
5 1
5 2
5 0
5 0
5 0
4 2
5 0
5 0
5 0
5 0
5 0
5 0
5 0
5 0
5 0
2 1
5 1
5 0
5 0
5 0
5 0
5 0
5 0
5 0
5 0
5 1
5 0
5 1
5 0
5 0
5 1
5 0
5 3
5 0
5 0
5 1
5 1
3 2
2 0
5 0
5 0
5 0
5 0
5 0
5 0
5 0
5 0
5 0
5 2
1 3
5 0
5 0
5 0
5 0
5 1
5 0
5 0
5 0
5 0
5 0
5 0
5 0
5 0
5 0
4 0
5 0
5 1
5 0
5 0
5 0
2 5
5 0
5 0
5 0
5 0
5 0
5 0
4 0
5 0
5 0
5 0
5 0
4 0
5 0
5 0
5 0
5 2
5 0
4 0
5 0
5 0
5 0
5 0
2 2
5 0
5 0
5 0
5 0
5 0
5 0
5 0
5 0
5 0
5 4
2 2
5 0
5 0
5 0
5 0
5 0
4 0
5 2
5 0
5 0
5 0
5 0
5 0
5 0
5 0
5 0
5 0
5 0
5 0
5 0
5 0
1 8
5 0
5 0
5 0
5 0
5 0
5 0
5 0
5 0
5 0
5 2
5 0
5 0
5 0
5 0
5 0
5 0
5 0
5 0
5 0
5 0
5 0
5 0
5 0
5 0
5 0
5 0
4 0
5 0
5 0
5 0
5 0
5 0
5 0
5 0
5 0
3 0
5 0
5 0
5 0
5 0
5 0
5 0
5 0
5 0
5 2
5 1
5 0
5 0
5 0
5 0
5 0
5 0
5 0
3 0
5 0
5 0
5 0
5 0
3 0
5 0
5 0
5 0
5 0
5 0
5 0
5 0
5 0
5 0
5 1
5 0
5 0
5 0
5 0
5 0
5 0
5 0
5 0
5 0
5 0
5 0
5 0
5 0
5 3
5 0
5 0
5 0
5 0
5 0
5 0
5 0
5 0
5 0
5 0
5 0
5 0
5 0
5 0
3 0
5 0
5 0
5 0
5 0
5 0
5 0
2 1
5 0
5 0
5 0
5 0
5 0
5 0
5 0
5 0
5 0
5 0
5 0
5 0
5 0
5 0
5 0
5 0
5 0
5 0
5 0
5 0
5 0
5 0
5 0
5 0
5 0
5 0
5 0
5 0
5 0
5 0
5 0
5 0
5 0
5 0
4 0
5 0
5 0
5 0
5 0
5 0
5 0
5 0
5 0
5 0
5 0
5 0
5 0
5 0
5 0
5 0
5 0
5 0
5 0
5 0
5 0
5 0
5 0
5 0
5 0
5 0
5 0
5 0
5 0
5 0
5 0
5 0
5 0
5 0
5 0
5 0
5 0
5 0
5 0
5 0
5 0
5 0
5 0
5 0
5 0
5 0
5 0
5 0
5 0
5 0
5 0
5 0
5 0
5 0
5 0
5 0
5 0
5 0
5 0
5 0
5 0
5 0
5 0
5 0
5 0
5 0
5 0
5 0
5 0
5 0
5 0
5 0
5 0
5 0
5 0
5 0
5 0
5 0
5 0
5 0
5 0
5 3
5 0
5 0
4 1
5 0
