5 3
4 2
5 5
5 4
5 3
5 2
4 0
5 4
5 3
2 24
4 3
3 8
5 4
5 7
5 3
5 0
5 6
5 3
5 2
4 1
5 1
5 2
4 1
4 2
5 1
5 1
5 0
4 1
2 13
5 1
2 11
5 1
5 1
4 1
4 1
5 3
4 2
2 26
4 2
4 1
5 2
5 2
5 1
5 1
1 11
5 2
5 2
5 2
5 3
5 2
3 12
4 3
5 1
3 11
5 4
5 1
4 1
4 2
5 3
5 0
5 3
4 1
5 1
3 5
3 5
5 1
5 10
5 2
2 13
5 1
4 1
5 4
5 2
4 1
5 3
5 3
5 4
5 2
5 3
3 0
5 1
4 1
5 3
5 1
5 2
5 2
5 2
5 4
2 8
3 14
3 6
5 2
5 2
5 2
4 3
4 2
5 4
3 2
5 1
5 3
5 4
5 2
4 14
3 8
4 2
5 1
5 0
1 39
5 5
5 3
3 2
5 4
3 6
4 3
4 2
5 3
5 7
4 1
5 1
2 13
4 1
5 0
5 1
5 10
5 3
5 1
5 1
5 2
3 7
5 0
4 1
5 3
5 2
2 19
5 1
3 10
5 2
4 3
3 15
5 2
5 5
3 1
1 25
5 1
4 2
5 0
5 0
5 1
5 1
5 4
5 1
4 2
5 1
5 1
4 2
5 1
5 1
1 19
5 1
5 1
5 2
5 2
4 3
4 1
4 2
1 44
4 0
5 5
5 2
5 2
5 1
3 7
4 5
5 2
5 3
5 2
3 4
5 1
4 0
5 2
5 2
3 4
5 4
4 1
3 2
5 8
3 3
5 1
5 0
4 0
5 2
5 0
1 23
5 1
4 0
5 5
4 6
5 5
5 4
5 1
5 1
5 1
3 2
3 2
5 6
5 1
5 3
5 2
5 2
5 0
5 0
4 1
5 0
5 0
5 1
5 0
5 0
5 0
4 0
4 0
5 0
4 0
5 0
5 0
5 1
5 0
4 1
3 6
5 0
4 0
5 0
4 1
5 1
4 0
5 2
5 0
5 0
5 1
5 1
5 2
3 1
4 1
3 0
4 2
4 1
1 12
5 3
5 1
5 1
4 2
5 1
5 0
1 26
5 2
5 4
4 1
5 3
1 26
3 2
2 13
5 5
5 3
1 15
5 7
4 3
4 1
3 0
4 2
5 3
4 0
3 8
5 0
5 1
5 2
5 2
5 1
5 3
5 1
2 8
3 7
5 2
1 9
5 1
4 2
5 1
4 7
5 3
5 1
5 2
5 1
4 0
5 4
5 2
5 1
5 2
5 1
4 2
5 1
5 3
5 3
4 1
4 2
4 3
4 1
5 3
5 9
5 1
5 1
5 1
5 1
5 1
5 2
4 5
5 0
5 0
5 0
5 1
5 1
4 0
4 1
5 1
5 1
5 0
4 3
5 1
5 1
5 3
5 1
4 1
5 0
5 3
5 1
5 2
5 1
4 2
5 1
4 3
5 1
5 0
5 2
3 3
5 2
4 0
4 0
5 1
5 0
5 2
5 4
4 0
5 1
5 4
5 3
5 1
5 9
3 4
3 2
4 1
4 2
5 1
3 2
3 1
5 1
5 1
5 1
4 0
5 1
5 1
5 2
5 1
2 6
5 1
2 9
5 3
5 0
5 1
5 2
5 1
5 1
5 2
1 13
3 4
4 1
5 1
5 1
5 1
5 1
3 0
5 2
5 1
4 0
5 2
5 1
4 0
5 1
5 1
3 3
4 3
5 0
5 0
4 2
1 20
5 2
5 1
5 1
5 1
5 2
5 2
5 1
5 1
5 3
4 1
4 0
5 0
5 1
4 1
3 3
5 1
4 3
4 0
4 0
5 3
4 3
5 1
5 1
5 3
5 0
5 3
5 1
5 2
5 4
5 1
5 1
5 2
4 2
5 2
3 4
5 0
5 1
5 0
4 0
4 1
5 1
5 2
5 1
2 17
4 1
5 1
3 1
5 0
5 1
5 0
4 2
5 1
5 1
5 0
5 1
3 1
5 1
5 1
5 2
5 2
5 2
5 1
5 2
5 1
5 1
3 2
5 1
1 9
5 1
5 1
5 1
5 1
4 2
5 1
5 1
5 1
5 1
5 1
5 2
4 1
3 3
5 1
4 1
5 2
5 1
4 2
5 1
5 2
5 1
4 1
4 1
5 1
5 1
5 1
3 6
4 0
5 3
2 5
4 5
5 3
5 3
5 2
4 0
5 1
4 0
4 4
5 0
4 0
4 0
5 6
1 58
2 13
4 0
3 13
5 2
5 4
5 6
3 4
5 0
1 9
3 7
2 15
5 2
4 12
2 7
3 8
3 13
4 1
4 6
3 7
5 4
5 2
5 0
5 5
5 2
4 11
5 3
5 5
1 14
3 15
5 4
5 3
3 10
5 5
4 3
4 5
5 2
4 1
4 6
2 10
5 4
4 1
5 12
5 3
5 5
5 7
5 2
5 10
4 4
5 1
5 4
2 11
5 10
3 6
5 5
4 5
5 2
4 7
5 6
3 17
3 16
4 2
4 5
4 4
4 5
3 12
5 2
5 2
5 9
4 4
5 8
1 8
2 8
4 6
1 22
5 3
2 8
3 9
5 4
5 8
3 3
4 1
5 5
5 3
4 3
3 4
4 6
2 9
5 1
5 2
5 5
3 2
3 6
5 7
5 1
2 11
5 5
5 2
2 7
4 4
5 2
3 9
2 13
3 4
5 1
5 1
4 0
4 1
5 3
5 3
3 6
3 2
5 1
3 7
5 2
5 1
5 7
4 1
5 1
5 6
4 1
4 7
5 3
5 1
5 11
5 0
4 0
5 0
5 3
5 0
3 2
5 4
5 1
5 1
2 3
5 4
4 0
5 1
4 1
4 0
2 6
4 1
4 2
5 2
5 3
5 4
5 1
5 4
4 1
5 3
5 12
5 2
3 3
5 1
5 6
5 4
5 4
3 4
5 3
5 7
5 2
4 2
3 11
5 5
3 11
5 2
5 7
1 8
2 12
4 3
2 14
5 1
5 1
5 1
5 2
4 6
3 28
4 1
4 5
5 1
5 5
5 3
4 0
3 5
4 8
5 5
3 1
5 2
5 3
5 6
2 9
2 10
3 17
5 4
4 5
5 2
3 12
5 7
5 3
3 16
4 13
1 28
5 13
5 5
5 0
2 21
5 2
5 10
5 4
5 17
1 45
4 6
5 12
5 0
5 10
4 5
3 4
2 12
4 1
5 5
5 6
4 4
5 1
5 2
5 7
2 3
2 12
4 1
5 9
2 17
4 8
3 6
5 1
4 2
5 4
2 14
5 2
5 3
5 4
5 5
5 4
5 6
5 3
3 12
5 2
2 11
5 6
5 0
3 6
4 3
5 1
5 2
3 6
5 2
5 7
5 4
2 8
4 0
5 4
5 3
5 1
4 4
2 15
5 2
5 2
4 6
4 4
3 6
4 9
5 7
5 6
5 5
5 1
5 1
5 1
2 19
5 7
5 0
3 5
5 5
2 13
1 8
2 12
5 3
2 4
1 11
5 5
3 6
5 5
5 4
5 5
5 4
5 7
4 7
3 13
5 3
4 2
4 7
2 20
5 2
5 9
5 2
4 1
2 14
5 7
4 6
5 3
4 0
5 2
5 2
2 5
5 4
4 5
5 2
2 14
3 5
1 29
1 19
4 1
4 4
4 3
2 13
5 11
3 10
5 2
3 7
1 32
3 9
4 3
3 9
4 3
4 2
5 4
5 6
5 5
4 1
5 7
5 1
2 6
5 4
5 3
4 3
3 10
3 10
5 10
5 3
4 3
1 25
3 7
5 9
1 32
5 5
5 12
4 8
5 5
3 9
4 2
4 4
4 2
4 5
5 3
5 4
5 8
5 2
5 6
5 10
2 13
4 4
4 4
4 6
3 9
5 8
5 4
5 2
5 2
3 8
5 4
5 5
5 6
3 4
5 10
3 13
5 4
5 3
5 2
2 11
3 13
4 1
3 31
4 5
5 4
4 1
5 1
5 2
5 4
5 1
5 11
5 1
4 0
4 2
5 1
1 19
4 5
5 0
1 32
3 15
2 19
5 3
3 9
3 11
5 0
5 4
5 3
5 4
5 1
5 2
4 3
1 31
5 0
4 0
5 2
5 2
5 0
1 33
5 4
2 35
5 1
5 2
5 2
5 7
5 3
5 6
5 1
5 3
5 4
5 1
5 2
4 1
4 1
2 20
5 3
4 5
5 2
5 4
4 3
5 3
5 1
2 19
5 14
1 59
3 15
5 7
5 8
5 7
4 1
5 12
4 0
5 0
4 2
5 3
1 19
5 0
5 2
5 4
3 21
1 52
4 4
4 3
4 1
5 3
1 49
5 4
1 21
5 5
4 1
5 9
5 1
4 0
5 2
5 1
5 4
2 20
5 1
3 114
5 2
5 2
4 6
5 4
5 3
5 1
5 3
5 3
5 1
4 5
3 13
5 1
4 7
5 1
5 2
5 5
5 16
3 6
3 11
2 6
5 4
5 3
5 0
4 0
3 7
1 108
5 1
5 1
3 6
2 12
5 1
5 7
3 7
5 1
1 24
5 1
5 1
5 0
5 3
1 19
2 13
5 0
5 3
5 15
5 2
4 2
5 19
5 3
5 2
5 1
5 0
5 3
3 4
5 6
5 1
3 7
3 5
4 0
4 3
5 3
5 3
5 3
3 8
5 1
5 1
4 1
2 16
5 1
3 0
5 0
5 2
5 1
5 6
4 2
4 2
4 1
4 7
5 4
1 22
4 3
5 0
5 6
4 9
5 1
5 6
5 1
4 0
3 2
3 6
5 0
5 2
5 3
5 2
5 3
5 1
4 3
4 4
3 8
4 0
5 0
3 3
4 6
4 3
5 0
5 1
4 2
1 30
5 1
4 0
2 3
5 2
5 2
2 8
4 3
4 3
4 2
5 0
4 3
5 4
4 2
3 6
5 6
2 23
5 1
3 4
5 0
4 3
2 15
5 2
4 3
3 6
5 0
5 11
5 2
2 7
5 1
5 0
5 2
4 24
5 19
5 5
5 5
4 3
4 1
5 2
3 9
3 6
5 7
5 3
4 4
5 9
4 13
5 0
5 5
1 39
5 6
3 4
1 20
5 5
5 11
3 6
1 12
5 5
5 1
5 11
5 6
5 2
4 1
5 5
5 3
4 0
3 1
4 2
3 6
4 0
5 4
5 2
5 1
1 25
5 1
5 7
2 16
4 3
5 0
3 5
5 7
4 3
3 5
1 22
4 4
4 1
5 1
5 7
5 1
5 2
4 1
3 0
4 9
4 0
5 1
5 7
4 1
2 19
4 1
5 3
3 7
5 6
4 14
4 7
1 24
5 3
5 4
5 2
4 9
5 2
5 2
4 4
5 4
5 1
5 2
3 20
5 0
4 2
5 2
4 0
5 4
5 3
5 1
1 21
5 2
5 9
4 5
4 1
2 14
5 3
5 1
3 7
4 0
5 2
4 4
3 2
5 16
5 10
4 1
5 11
5 0
4 2
4 1
5 4
5 2
5 38
3 2
5 3
4 4
4 1
5 1
5 5
5 2
2 12
2 10
1 37
5 4
2 10
5 4
5 1
5 6
5 6
5 4
5 7
5 19
5 2
4 1
5 5
2 7
5 9
5 2
4 1
5 1
5 5
5 3
5 1
3 3
3 2
5 1
2 7
3 3
5 2
5 6
5 2
5 7
5 7
4 7
2 7
4 8
4 0
4 2
2 13
5 0
5 1
5 4
5 2
3 0
5 4
1 11
5 2
2 17
5 13
5 1
5 3
5 2
3 1
5 5
5 3
4 0
5 1
5 5
4 4
5 3
1 10
5 4
4 13
5 4
5 2
4 5
5 3
5 1
4 0
4 0
5 0
5 4
4 1
5 1
5 4
4 0
5 1
4 29
5 4
5 1
5 10
5 2
5 4
4 13
5 5
5 3
5 3
4 10
4 15
3 12
3 16
5 4
5 7
5 7
5 4
3 5
5 5
5 3
5 5
5 0
5 1
5 4
5 3
4 4
5 6
5 0
5 1
5 4
5 4
5 2
4 1
5 8
4 5
3 14
5 0
5 0
4 10
2 8
5 1
5 3
5 5
5 4
3 12
5 5
5 1
5 1
5 4
5 3
5 2
4 5
5 0
2 20
3 9
5 5
5 0
5 1
5 2
4 5
2 18
2 11
5 1
5 5
5 8
5 4
3 10
5 1
5 1
4 11
4 4
3 6
3 5
2 14
1 56
5 3
5 1
5 2
5 2
5 0
5 5
3 3
4 0
4 4
5 4
5 4
5 5
5 2
5 3
5 3
4 11
5 0
1 50
5 1
3 12
5 0
5 7
5 2
4 4
1 20
5 7
4 4
3 6
3 6
5 6
5 20
4 6
5 4
1 18
5 3
5 2
5 3
5 1
5 1
3 13
3 2
2 148
5 2
3 8
5 0
5 3
5 1
4 3
5 1
3 2
5 4
3 5
4 5
5 1
3 2
5 1
5 3
5 0
5 1
5 1
5 3
5 2
5 2
5 1
5 2
5 4
4 1
5 2
5 1
5 4
4 5
4 4
3 1
5 0
3 10
5 0
5 2
3 4
5 2
5 6
5 3
2 9
3 5
5 2
5 0
5 0
4 6
5 2
1 36
5 3
5 3
4 6
2 23
3 14
5 3
5 11
3 9
3 5
4 0
5 1
4 1
5 0
2 7
4 9
3 10
5 1
4 2
3 8
2 7
5 0
5 2
5 2
5 1
5 1
5 6
5 2
5 4
5 2
4 7
2 18
4 3
5 6
5 1
4 2
3 14
4 14
5 3
5 2
3 11
3 6
5 5
5 4
5 5
4 2
5 4
4 13
3 4
5 8
5 2
5 1
4 4
5 0
5 2
2 12
5 2
3 5
4 3
5 1
5 1
4 18
5 1
4 3
2 5
5 5
5 2
5 5
4 2
5 3
5 1
1 9
5 3
2 16
5 2
5 0
4 1
5 5
1 23
5 4
5 1
3 7
5 5
5 1
4 4
1 9
3 15
3 10
2 6
5 2
5 3
3 7
3 5
5 10
5 3
5 2
5 1
2 5
5 2
3 17
5 4
5 3
2 10
3 7
5 3
3 15
5 3
4 2
4 6
5 1
5 1
5 4
3 2
5 0
5 10
2 31
5 1
4 28
4 5
5 2
2 14
3 4
5 21
4 9
5 5
4 4
5 4
5 1
4 0
5 1
2 13
5 0
5 5
3 7
5 1
5 5
5 3
1 28
4 3
3 12
5 21
5 0
4 4
3 6
5 2
4 4
5 7
5 1
5 1
5 1
5 2
5 1
5 7
4 3
2 9
3 3
5 1
5 0
5 0
5 2
5 1
5 0
5 1
5 3
5 3
5 0
5 2
3 6
4 2
5 7
4 9
5 0
4 8
5 4
2 8
5 1
5 0
5 1
4 1
2 10
4 9
5 6
5 6
5 4
2 15
4 9
1 15
4 8
2 15
2 16
4 24
5 3
5 3
3 13
2 14
5 2
4 2
5 4
4 1
5 2
4 1
5 2
5 5
5 0
5 1
5 1
5 1
5 1
5 1
4 3
5 2
5 2
5 1
5 4
5 6
5 6
5 1
4 3
5 1
5 1
4 7
5 3
5 6
4 2
5 0
5 5
3 9
5 6
5 5
1 10
5 4
5 4
5 2
3 7
5 2
5 1
5 3
4 0
2 18
2 9
5 1
5 0
3 7
5 1
5 2
5 1
4 1
5 4
5 17
1 71
4 2
5 1
1 73
3 8
4 2
5 2
3 8
5 1
3 14
5 1
2 18
5 10
3 9
3 9
1 23
5 1
5 3
5 8
5 3
5 0
5 2
5 1
5 1
5 0
4 4
5 7
2 22
5 2
5 1
5 2
5 1
5 1
5 3
4 3
3 10
3 8
4 3
4 2
4 4
4 1
5 3
4 0
2 6
4 1
5 1
5 1
2 9
5 4
5 1
5 2
4 1
5 2
4 13
5 2
4 2
5 0
5 0
3 19
5 1
1 24
5 1
2 7
5 3
4 0
3 6
1 26
5 3
4 3
5 3
3 11
4 2
5 4
3 15
5 1
4 5
1 50
5 3
3 11
3 11
4 5
5 6
5 5
3 6
5 3
5 1
5 0
5 1
1 19
5 7
5 4
5 3
2 14
5 3
5 1
5 1
5 1
5 0
5 0
5 214
5 2
5 1
5 2
5 4
5 2
4 3
3 16
5 99
5 1
4 1
5 1
5 1
5 1
5 3
5 5
1 68
4 3
4 8
5 5
5 5
5 4
4 5
4 7
3 2
5 4
5 1
5 1
5 1
3 17
5 0
4 2
3 1
5 1
3 12
3 10
1 32
2 20
5 0
5 1
5 0
4 4
4 1
5 5
5 1
5 0
5 3
4 2
5 2
5 1
5 0
5 1
5 3
4 0
4 5
5 3
3 6
5 3
5 1
2 14
5 1
5 1
1 43
4 4
5 6
5 1
5 1
5 1
5 3
3 8
5 0
5 2
4 2
4 1
2 36
1 33
4 2
5 4
5 1
3 20
3 3
3 7
5 1
5 1
4 2
5 3
1 27
2 40
3 7
5 2
5 8
5 3
2 7
5 2
4 1
5 2
3 3
5 2
5 1
5 3
5 2
4 0
5 4
2 28
5 2
5 0
4 3
1 11
5 0
3 8
4 1
5 1
5 2
5 2
4 2
5 2
5 2
2 20
5 2
5 4
4 4
4 5
2 42
2 25
2 16
4 0
5 3
5 12
5 2
5 9
5 1
5 2
4 2
5 12
5 3
5 4
1 19
4 9
5 2
3 5
5 9
5 1
5 2
5 1
5 1
5 5
5 1
2 10
2 7
5 7
3 9
5 10
4 4
5 1
5 947
4 2
4 1
5 6
5 1
5 3
5 1
5 11
5 1
5 2
5 3
5 6
5 5
5 1
5 7
5 0
4 2
5 3
2 11
5 12
5 2
5 1
5 17
5 7
5 7
2 47
4 1
4 0
5 2
4 0
5 3
5 3
5 1
5 9
5 25
5 1
5 32
5 2
4 0
5 7
5 2
5 7
5 0
4 4
4 1
4 7
5 0
5 8
3 5
5 5
5 0
5 2
5 3
4 1
5 2
5 2
