5 0
5 0
5 0
5 0
4 0
5 0
3 0
4 0
5 0
5 0
5 0
5 1
5 2
5 1
4 1
3 2
5 1
5 1
5 0
5 1
5 4
5 1
5 1
3 0
2 2
5 1
5 1
5 0
4 0
4 1
5 0
5 0
5 0
5 2
5 3
5 0
5 0
5 2
5 0
5 1
1 8
5 5
4 1
5 1
5 0
5 0
5 0
5 3
5 0
5 0
5 0
5 1
5 1
5 1
5 1
5 1
5 1
5 2
4 0
5 1
5 1
5 2
5 1
1 2
5 2
5 1
5 0
5 0
5 2
5 1
5 3
5 1
5 0
5 0
5 0
5 0
5 0
5 0
5 0
5 0
5 0
5 0
5 0
4 5
5 0
5 0
5 0
5 0
5 0
4 0
5 0
5 0
1 15
5 1
5 2
5 0
5 0
5 1
5 0
5 0
5 0
5 0
5 1
5 0
5 0
4 0
5 1
5 2
5 0
5 0
4 0
5 0
3 1
4 1
5 3
5 0
5 0
5 0
5 0
3 0
5 0
5 1
5 0
5 0
5 0
5 0
5 0
5 0
5 0
5 0
5 1
5 3
5 0
5 0
5 2
4 4
5 0
5 0
5 2
5 0
5 0
5 0
5 0
5 0
5 0
5 1
5 0
5 0
5 1
5 0
5 0
5 2
3 2
5 1
5 1
5 0
5 0
5 0
5 1
5 1
5 1
5 0
5 0
5 1
4 1
5 1
5 0
4 1
5 1
3 2
5 1
5 0
5 0
5 0
5 0
5 0
5 0
5 1
5 1
4 0
5 0
5 0
5 0
5 2
5 0
5 0
4 0
5 1
5 1
5 1
5 0
5 0
5 0
5 1
5 0
5 1
5 0
3 0
5 0
5 0
5 0
5 0
4 0
5 0
5 0
5 1
5 0
5 1
5 0
5 0
5 0
5 0
5 0
5 0
5 1
5 0
5 0
5 0
5 1
5 0
5 1
5 2
5 1
5 1
5 0
5 12
5 3
5 0
5 0
4 1
5 0
5 1
5 7
5 2
5 0
5 2
5 0
5 0
5 0
5 1
5 0
5 1
5 0
5 0
5 0
5 2
4 0
5 2
1 6
5 48
4 2
5 1
5 1
5 2
5 1
5 1
4 1
3 0
5 0
5 1
5 0
5 0
5 0
4 0
5 0
5 0
5 4
5 3
5 5
5 1
5 1
5 4
5 1
5 0
5 13
5 0
5 0
4 1
4 2
5 0
5 0
5 1
4 0
5 0
5 1
5 1
5 0
5 1
5 0
5 1
5 1
5 0
4 0
2 8
2 7
5 1
5 0
5 3
5 1
5 1
5 1
5 5
5 1
5 0
5 0
5 0
5 1
5 1
1 12
5 3
4 0
5 0
5 0
5 1
4 1
5 0
5 0
5 38
5 1
5 14
5 0
4 0
5 6
5 2
5 0
5 0
5 1
5 0
5 7
4 0
5 2
5 7
5 2
5 0
5 0
5 3
5 2
4 1
5 3
5 15
5 6
5 0
4 0
3 1
5 0
5 0
5 0
5 1
5 0
5 1
5 0
5 3
5 0
5 0
5 2
5 3
5 4
5 0
5 0
5 0
5 4
5 0
5 15
5 1
5 1
2 10
5 3
5 1
5 1
5 1
5 1
5 0
5 1
5 0
5 2
5 0
4 0
4 1
5 0
5 15
1 6
5 2
5 4
5 0
5 0
5 1
5 0
5 2
5 0
5 0
5 1
5 0
5 4
5 0
3 1
5 0
5 1
5 1
5 3
4 3
5 2
5 2
5 0
5 0
5 0
5 8
5 5
5 0
5 0
4 3
5 1
5 3
5 2
5 1
5 4
5 0
5 1
5 0
5 2
5 0
5 3
4 1
5 1
5 0
5 4
5 3
5 1
5 3
5 4
5 1
5 0
5 0
5 0
3 2
5 1
5 1
5 0
4 1
5 0
5 3
5 0
5 1
5 0
5 0
5 0
5 0
4 2
5 3
4 2
5 8
5 0
5 6
5 0
5 0
5 6
5 1
5 0
5 5
5 2
5 1
5 0
5 1
5 1
5 0
4 0
1 10
5 1
5 0
4 0
5 0
5 1
5 1
1 5
5 1
5 0
5 0
5 0
4 3
5 0
4 0
5 0
5 0
5 0
5 0
5 0
5 1
5 2
5 0
5 0
5 0
5 0
5 7
5 0
5 13
5 0
1 12
5 2
4 0
5 1
5 0
5 0
5 0
5 0
5 0
5 0
5 0
5 1
5 0
5 0
5 0
5 2
5 0
5 0
5 0
5 1
5 0
5 0
5 0
4 0
5 2
5 0
5 1
5 0
1 7
5 0
5 0
5 0
5 0
5 0
5 0
5 1
5 0
5 1
5 0
5 0
5 0
5 1
5 4
5 0
5 2
5 5
5 18
5 31
5 1
5 1
5 2
5 0
5 0
5 6
5 4
5 0
5 0
5 0
4 4
5 2
5 2
5 0
5 1
5 3
5 0
5 0
5 218
4 0
5 1
5 1
5 2
5 1
5 1
5 0
5 0
5 3
5 0
5 1
5 1
5 0
5 3
5 1
5 0
5 0
5 0
5 1
3 2
5 2
5 1
5 0
5 0
5 0
5 0
5 4
5 377
5 0
4 0
5 1
5 2
5 0
5 1
5 1
5 0
5 4
5 0
5 0
5 0
5 0
5 0
3 0
5 7
5 0
5 2
5 0
5 0
3 4
5 0
5 2
5 2
5 1
4 5
5 0
5 0
5 1
5 0
5 1
5 1
5 12
5 0
5 4
4 2
5 1
5 3
4 4
5 0
5 2
5 0
5 5
5 0
5 1
5 1
4 0
5 0
5 1
5 0
5 0
5 1
5 3
5 7
5 5
5 3
3 6
5 0
5 2
5 0
5 0
5 0
5 1
4 1
5 0
4 1
5 0
5 7
5 0
5 1
3 1
5 0
5 3
5 0
5 0
5 1
5 0
5 3
5 0
5 0
5 0
5 0
5 0
5 0
5 0
5 5
5 1
4 8
5 1
5 1
5 2
5 1
5 1
5 1
5 0
5 0
5 1
5 2
5 6
5 14
5 1
5 0
5 0
5 0
5 0
5 1
5 1
5 2
5 1
5 0
5 3
5 0
4 1
5 0
5 1
5 0
5 0
5 0
5 1
5 0
5 1
5 2
5 1
5 1
5 1
5 0
5 0
5 3
5 2
5 0
5 0
5 7
5 1
5 1
5 1
4 1
5 0
5 1
5 0
5 1
5 0
5 2
5 0
5 3
4 1
5 0
5 6
5 3
5 53
5 3
5 0
5 0
5 0
5 2
5 3
5 2
5 0
5 0
5 3
5 0
5 6
5 1
5 13
5 6
4 0
5 5
5 1
5 3
5 1
5 2
5 1
5 1
5 2
5 1
5 2
3 6
4 6
5 1
5 1
5 0
5 0
5 166
5 7
5 9
5 4
5 3
5 0
5 0
5 0
5 0
5 0
5 0
5 0
1 9
5 0
5 0
5 0
5 0
5 0
5 1
5 2
5 0
5 0
5 0
5 3
5 0
5 1
5 0
5 5
5 2
5 1
5 0
5 3
5 4
5 0
5 0
4 16
5 5
5 2
5 2
4 2
5 0
5 0
5 3
5 0
5 0
5 0
5 0
5 7
3 1
5 0
5 2
5 0
5 0
5 0
5 0
5 0
5 0
5 0
5 0
5 0
5 2
5 7
5 4
5 0
5 0
2 25
5 0
5 0
5 3
5 0
4 6
5 0
5 8
5 5
5 0
5 0
5 9
5 2
5 3
4 1
5 3
5 0
5 5
5 1
5 1
5 0
5 11
5 0
5 25
5 0
5 6
5 9
5 8
5 2
5 3
5 2
5 4
5 0
5 2
5 0
5 2
5 0
5 0
5 0
5 0
5 6
5 4
5 5
5 0
5 3
5 1
5 5
5 0
5 0
5 0
5 1
5 0
5 0
5 0
5 4
4 2
5 1
5 0
5 2
5 0
5 0
5 0
5 0
5 0
5 0
5 0
5 0
5 0
5 0
5 0
5 0
5 0
5 0
4 0
4 2
5 0
5 4
5 9
5 24
5 15
5 10
5 4
5 3
5 2
5 2
5 0
2 8
5 0
5 0
5 0
5 0
5 0
5 0
3 0
5 1
5 1
5 1
5 4
5 4
5 23
5 3
5 1
5 0
5 0
5 3
5 0
5 0
5 4
5 2
5 0
5 0
5 0
5 1
5 2
5 1
5 0
5 3
5 0
5 0
5 0
5 0
5 0
5 1
5 0
5 0
4 1
5 0
5 0
5 0
5 6
5 7
5 0
5 2
5 0
5 7
5 32
5 0
5 0
5 1
5 0
5 0
5 1
5 0
5 0
5 3
5 4
5 1
5 3
5 1
5 1
5 0
5 11
5 0
5 2
5 1
5 3
5 9
5 1
5 6
5 0
3 12
5 2
5 6
5 3
5 0
5 2
5 0
5 1
5 0
5 0
5 0
5 0
5 5
5 0
5 1
3 2
4 5
5 1
5 0
5 0
4 0
5 11
5 8
5 1
4 5
1 7
5 0
5 0
5 13
4 4
5 11
5 9
5 2
5 5
5 3
5 1
5 1
5 3
5 1
5 3
5 2
5 0
5 0
5 11
5 0
5 0
5 0
5 1
5 1
5 2
3 66
5 5
5 5
5 10
5 0
5 2
5 9
3 3
5 0
5 2
5 0
5 8
5 4
5 5
5 2
5 3
5 0
5 7
5 3
5 0
5 0
5 0
3 8
5 0
5 0
5 10
2 25
4 8
5 47
5 3
5 9
5 1
4 2
5 4
5 21
5 5
4 9
5 4
5 0
5 0
5 0
5 0
5 1
5 0
5 0
5 0
5 1
5 0
5 2
5 0
3 0
5 0
5 2
5 0
5 0
5 0
5 0
5 0
5 0
2 5
5 0
5 0
5 0
5 0
5 0
5 0
5 0
4 1
5 0
5 0
5 0
5 0
5 0
5 0
5 0
5 0
5 0
5 0
5 0
5 0
4 1
1 5
5 0
5 0
5 0
4 0
5 0
5 0
5 0
5 0
5 0
5 0
5 0
5 0
5 0
5 1
5 0
5 0
5 0
5 0
5 2
5 0
4 2
5 0
5 0
5 0
5 0
5 0
5 0
3 13
5 0
5 0
5 0
5 0
5 0
4 0
5 0
5 0
5 0
5 0
5 0
5 0
5 0
5 0
5 0
5 0
5 0
5 0
5 0
5 0
5 0
5 0
5 0
5 0
5 0
1 3
5 0
5 0
5 0
5 0
5 0
5 0
5 0
5 0
5 0
5 0
5 0
5 0
5 0
5 0
5 0
5 0
5 1
5 0
5 0
5 0
5 0
5 0
5 0
3 1
5 0
5 0
5 0
5 0
5 0
5 0
5 0
4 1
5 0
5 0
5 0
5 0
5 1
5 0
5 0
5 0
5 0
5 0
5 0
5 0
5 0
5 0
5 0
5 0
5 0
5 1
5 0
5 0
5 0
5 0
5 0
5 1
5 0
5 0
5 0
5 0
5 0
5 0
5 0
5 0
5 0
4 0
5 1
5 0
5 0
5 0
5 0
5 0
5 0
5 0
5 0
5 0
5 0
5 0
5 0
5 0
4 0
5 0
5 0
5 1
5 0
5 0
5 0
5 0
5 0
5 0
5 0
5 0
5 0
5 0
5 0
5 0
5 0
5 0
5 0
5 0
5 0
5 0
5 0
5 0
5 1
5 1
5 0
5 0
5 0
5 0
5 0
5 0
5 0
5 0
5 0
5 0
5 0
5 0
5 0
5 0
5 0
5 0
5 0
5 0
5 0
5 0
5 0
5 0
5 0
5 0
5 0
5 0
5 0
5 0
5 0
5 0
5 0
5 0
5 5
5 0
5 0
5 0
5 0
5 0
5 0
5 0
5 1
5 0
5 4
5 0
5 0
5 0
5 0
5 0
5 1
5 0
5 0
5 0
5 0
5 0
5 0
5 1
5 0
5 0
5 0
5 1
5 0
5 0
5 0
5 2
5 0
5 0
5 0
5 0
5 0
5 0
5 0
5 0
5 0
5 0
5 0
5 0
5 0
5 0
5 0
5 0
5 0
5 0
5 0
5 0
5 0
5 0
5 0
5 0
5 2
5 0
5 1
5 0
5 1
5 2
