4 0
5 1
5 0
5 0
5 1
4 0
5 1
5 0
5 0
4 0
5 1
5 0
4 1
3 0
3 0
1 4
5 2
5 1
2 4
3 2
5 1
5 2
5 1
5 1
5 1
5 1
5 1
5 0
5 2
5 0
5 0
5 0
3 4
5 0
5 0
5 0
5 0
5 3
3 2
4 1
5 1
4 0
5 1
5 0
5 0
1 2
3 1
5 0
4 0
4 0
5 1
5 0
5 1
5 0
5 0
5 0
5 0
5 0
5 2
5 0
4 0
3 2
4 1
5 1
5 1
5 1
4 0
5 0
5 0
5 0
5 0
4 0
5 1
4 0
4 1
4 0
5 1
5 1
5 0
5 0
4 0
3 0
5 0
4 0
4 0
4 0
5 0
4 0
5 0
5 2
5 2
5 0
5 0
5 0
2 0
5 0
4 0
4 0
4 0
5 0
5 0
5 1
5 0
4 1
5 0
5 0
5 0
5 0
4 0
5 2
5 2
5 1
5 0
2 2
5 0
5 0
5 0
5 0
4 1
4 0
5 1
5 0
5 0
5 0
5 1
5 0
5 1
5 0
5 0
5 1
5 3
5 0
5 0
5 0
5 0
5 1
5 2
2 2
5 1
4 2
5 1
5 1
5 1
5 3
5 2
5 1
5 2
5 0
5 0
5 0
5 0
5 0
5 0
5 0
5 0
5 0
5 0
5 6
5 0
5 0
5 0
5 0
5 0
5 0
4 1
5 2
5 1
5 1
5 0
5 14
5 1
3 3
5 0
4 0
5 1
5 0
5 0
5 3
5 1
5 0
5 1
5 0
5 2
5 2
5 1
5 0
5 0
5 0
5 1
5 0
4 2
5 0
5 5
5 2
5 4
5 5
4 2
5 2
5 5
5 2
4 0
3 0
3 3
5 3
5 1
3 0
5 0
5 0
5 0
4 0
5 0
5 1
5 0
5 1
5 0
5 1
5 0
5 0
5 0
5 1
5 0
4 0
4 0
4 0
5 0
5 0
5 0
5 1
3 2
4 0
5 0
5 1
5 0
5 0
5 0
5 0
5 0
4 0
5 0
3 0
5 0
5 0
5 0
5 2
5 1
5 0
5 0
5 0
5 2
5 0
5 0
5 0
5 0
5 0
1 7
4 0
5 0
5 0
4 0
5 0
5 0
5 2
5 0
5 0
5 0
5 3
5 0
4 0
5 0
5 0
4 0
5 0
5 1
4 0
5 0
5 0
4 0
5 0
5 0
4 0
5 0
5 0
4 0
5 0
5 0
5 1
5 0
5 0
4 0
5 0
5 1
5 0
5 2
5 0
5 0
5 0
5 0
5 1
5 2
5 0
2 6
5 0
5 1
5 0
5 0
5 0
4 1
4 0
5 4
5 6
5 0
4 1
5 4
5 3
4 1
5 1
3 7
5 0
5 0
5 1
5 1
5 0
5 1
5 0
3 1
5 3
5 3
5 0
5 19
5 0
5 0
5 15
5 1
5 2
5 1
5 2
5 2
5 0
5 0
5 0
5 0
4 0
5 0
5 0
3 2
5 0
5 0
5 0
4 0
5 5
5 1
1 4
5 2
5 1
5 1
5 1
4 2
5 0
5 0
5 1
5 0
5 2
5 0
5 4
5 1
1 13
5 1
5 0
3 2
5 0
5 2
5 1
5 9
5 0
5 0
5 2
5 1
5 1
5 0
5 0
5 3
5 2
4 3
5 1
5 1
5 0
5 0
5 0
5 0
4 0
5 0
4 1
5 0
5 0
5 0
5 0
5 0
5 0
3 5
5 0
5 0
5 0
5 0
4 1
5 1
5 0
5 0
5 0
5 1
5 2
2 2
5 0
5 0
5 0
5 0
5 0
5 1
5 0
5 1
5 0
5 0
5 3
5 0
2 3
5 0
5 0
5 0
5 0
5 1
5 0
5 0
5 0
5 1
5 1
5 6
5 6
5 0
5 0
4 3
5 0
5 2
5 1
5 1
5 0
5 2
5 0
5 2
5 0
5 0
2 1
5 0
5 3
5 2
5 0
5 0
3 1
5 0
5 0
5 1
5 0
5 1
5 1
5 2
5 0
5 0
5 0
5 0
5 0
5 0
5 2
5 0
5 0
4 0
4 0
5 0
5 0
4 0
5 4
5 7
3 0
3 0
5 2
5 1
1 9
5 1
5 2
5 0
5 3
1 10
5 1
4 0
4 5
5 1
5 1
5 3
5 2
2 9
5 4
5 0
5 1
5 0
5 0
5 0
5 2
3 3
5 0
5 0
5 0
5 0
5 0
5 1
5 3
5 0
5 1
5 0
1 10
5 0
4 2
4 1
5 2
5 8
3 5
5 0
5 0
5 2
5 0
5 0
5 0
5 0
5 0
5 2
5 0
5 2
5 1
5 1
5 10
2 4
4 1
4 5
5 1
5 0
4 3
5 2
5 0
5 2
2 8
5 0
5 1
5 1
5 0
5 1
3 3
5 0
5 0
5 0
5 0
5 1
5 1
4 3
5 0
5 0
5 2
5 0
5 0
5 0
1 16
4 1
5 0
5 0
5 0
3 0
5 0
5 0
5 0
2 3
5 0
5 2
5 0
5 1
5 0
5 6
4 0
5 1
5 19
5 2
5 0
5 4
3 6
3 3
5 1
5 0
5 1
5 0
5 0
5 1
5 2
5 1
5 10
3 1
5 0
5 1
4 0
5 0
4 5
5 1
5 34
5 0
5 10
4 16
5 1
4 1
4 0
4 0
4 0
5 3
5 1
5 0
5 10
5 2
5 9
5 0
5 1
5 0
5 0
5 0
5 0
5 1
4 0
5 0
4 1
5 0
5 0
5 0
5 0
5 0
5 0
4 0
4 0
5 4
5 2
5 0
5 0
5 0
5 0
5 0
5 2
5 0
5 3
5 1
5 4
5 0
5 0
4 0
5 1
5 5
5 5
4 4
5 0
5 0
4 7
5 0
2 1
5 0
5 0
5 0
5 0
3 4
5 10
4 10
5 15
3 2
5 4
5 6
5 0
4 0
5 0
4 0
4 0
4 2
5 10
5 0
5 0
3 3
5 1
5 2
4 4
5 1
5 0
5 3
5 3
5 0
5 3
4 0
5 11
2 4
4 2
5 2
5 1
3 3
5 0
5 0
5 0
5 0
5 7
5 3
5 0
5 21
5 0
5 0
5 0
5 0
5 10
4 1
3 2
5 1
3 5
5 0
2 9
5 0
5 0
5 2
3 2
5 6
4 1
5 0
5 0
5 9
5 7
4 1
1 8
5 1
5 48
5 0
3 3
5 1
5 2
5 2
5 1
4 3
5 8
5 1
5 1
5 8
5 2
3 5
5 1
5 1
5 1
5 1
5 0
5 1
5 1
4 1
4 2
5 0
5 1
5 2
5 3
5 1
5 0
5 1
2 4
5 1
5 0
5 0
5 1
5 0
5 7
5 2
5 7
5 0
5 0
5 3
5 0
5 1
5 1
5 1
4 2
5 2
5 6
5 3
5 0
5 14
5 0
5 2
5 0
5 0
5 0
4 0
4 9
5 0
5 0
5 4
5 2
5 1
5 0
5 1
3 2
4 3
5 2
5 6
5 2
5 0
5 4
4 3
5 0
5 2
5 0
5 0
5 0
5 0
1 12
5 2
3 7
5 11
4 9
5 10
4 1
5 0
5 0
5 0
5 1
3 9
5 1
5 1
5 7
5 0
5 0
5 0
5 0
5 1
5 0
5 0
5 2
5 4
5 4
3 2
5 2
5 1
5 1
5 0
5 0
5 10
5 2
5 3
5 0
5 3
4 2
5 4
5 6
5 0
5 0
5 0
5 0
5 4
5 1
5 2
5 0
5 5
4 0
5 0
5 0
5 0
1 12
5 2
5 0
5 8
5 1
5 6
5 15
5 7
1 3
5 16
5 0
5 0
5 2
5 3
4 0
5 0
5 3
5 0
5 0
5 0
5 0
5 0
5 0
5 0
5 11
5 3
5 0
5 2
5 13
5 6
5 4
5 1
5 4
5 17
5 0
5 3
5 0
5 12
5 5
5 1
5 8
5 0
5 5
5 1
5 3
5 3
5 1
5 9
5 2
4 1
5 4
5 0
5 3
5 0
5 0
1 15
4 1
2 6
5 2
5 0
4 1
5 3
5 0
5 0
4 2
2 8
5 0
5 1
3 7
4 2
5 6
1 4
5 0
5 0
5 22
4 1
1 11
5 15
5 4
4 2
4 2
4 2
5 1
5 7
5 0
4 0
5 0
4 5
5 7
5 0
5 0
5 1
2 11
5 1
5 0
3 7
5 1
5 2
2 11
5 0
5 0
4 3
5 0
5 2
5 0
2 8
5 1
5 0
5 2
5 0
5 1
4 1
5 0
5 1
4 1
5 0
5 0
3 2
5 0
4 2
5 1
5 0
4 0
2 24
5 2
5 32
5 0
5 0
4 0
5 0
5 0
5 0
5 1
5 0
5 1
5 0
5 0
4 4
5 0
3 1
5 0
5 0
5 0
3 3
5 0
5 0
5 2
5 0
5 17
5 0
5 0
4 3
5 0
5 0
5 1
5 1
5 0
5 0
3 2
5 0
5 3
5 0
4 0
5 1
5 0
5 1
5 190
5 0
3 2
3 1
5 0
5 0
5 0
4 2
4 4
3 2
5 0
5 0
5 0
5 8
3 6
5 0
5 1
5 15
5 0
5 0
5 0
5 12
5 1
5 0
5 1
5 1
5 0
5 0
5 18
5 1
5 1
5 0
1 11
5 0
5 0
5 0
5 41
5 0
5 0
5 2
5 2
5 1
5 1
5 0
3 1
1 6
5 2
5 1
5 1
5 0
5 0
5 0
5 0
5 0
5 0
5 0
5 0
5 0
5 0
5 0
5 0
5 0
4 2
5 0
5 0
5 0
5 0
5 0
5 1
5 0
5 0
5 1
5 11
5 3
5 4
5 0
5 0
5 0
5 0
3 3
5 1
5 1
5 0
5 1
5 0
5 0
4 2
5 0
5 0
5 0
5 0
5 0
5 0
5 0
3 3
5 0
5 0
5 6
5 0
5 0
5 0
5 0
5 0
5 0
5 0
5 0
3 2
5 0
3 3
5 0
4 0
5 1
5 19
5 0
5 1
5 10
5 2
5 1
5 0
5 4
5 0
5 0
5 0
5 0
5 0
5 0
5 0
4 0
5 43
5 0
5 1
5 6
5 2
5 0
5 18
5 0
3 3
5 0
5 0
5 0
5 0
5 4
5 0
5 36
5 0
5 0
5 0
5 2
5 1
5 2
4 3
5 1
5 0
5 9
5 0
5 1
5 2
5 1
5 0
5 0
5 1
5 1
5 1
5 1
5 0
5 0
5 0
5 1
5 0
5 0
5 0
5 1
3 1
5 0
5 0
5 2
5 0
5 0
5 0
5 0
5 1
5 10
5 4
5 8
5 20
5 1
5 0
4 1
5 0
5 0
5 1
5 0
5 24
4 0
5 0
5 1
5 1
5 0
5 1
5 0
2 6
5 1
5 0
5 1
2 6
5 1
5 0
5 0
5 1
5 0
5 0
5 0
5 0
5 0
5 0
1 4
2 10
5 0
5 0
5 0
5 0
5 1
5 0
5 0
5 0
5 0
5 8
4 1
5 0
5 3
5 1
5 0
5 0
5 0
5 0
5 0
4 0
5 0
5 0
5 21
5 0
5 0
1 8
5 0
5 0
5 0
5 0
5 0
5 0
5 0
5 0
5 21
5 0
5 0
5 0
5 0
5 0
5 0
5 0
5 4
4 21
5 0
5 0
5 5
5 0
5 3
4 1
5 0
4 0
5 0
5 1
1 15
5 4
5 0
5 0
5 1
5 1
5 0
5 0
5 0
5 0
5 0
5 0
5 0
4 0
5 0
5 0
5 0
5 0
5 1
5 3
4 3
5 1
5 0
5 1
4 0
5 2
1 31
5 0
5 0
5 0
5 0
5 0
5 0
5 0
5 0
5 2
5 0
5 1
5 27
5 0
5 0
5 1
5 0
5 0
3 2
5 0
5 34
3 9
2 4
5 5
5 3
3 2
5 2
4 5
4 1
5 3
4 6
5 0
4 5
3 2
5 0
4 2
5 4
3 10
4 8
5 8
5 2
5 3
5 0
4 1
5 0
5 0
5 3
5 1
1 7
5 0
4 0
5 0
5 2
5 0
4 1
5 0
5 0
5 1
4 2
5 0
3 4
5 0
5 0
5 1
4 0
5 0
5 0
5 0
5 0
5 0
5 0
5 0
1 18
2 7
5 0
5 0
5 0
5 0
5 0
5 0
5 0
5 0
5 0
5 1
5 2
5 0
5 1
4 1
5 1
5 1
5 0
5 1
4 0
5 0
5 0
5 0
5 1
5 0
1 6
5 0
5 2
5 4
5 1
5 3
5 2
5 1
5 1
5 1
5 5
5 1
5 0
5 2
5 1
5 1
5 0
5 60
5 0
5 0
5 1
5 40
5 0
5 0
5 0
4 4
5 0
5 0
5 0
5 0
5 0
5 0
5 0
5 0
5 0
5 0
5 0
5 0
5 1
5 1
5 0
5 0
1 4
5 2
5 0
5 0
5 17
5 0
5 0
5 0
5 1
5 0
5 1
5 0
5 0
5 0
5 2
5 2
5 2
5 0
5 3
5 3
5 2
5 1
4 3
5 5
4 0
5 0
5 0
5 4
5 0
5 0
5 0
5 0
5 0
5 0
5 0
3 1
5 0
4 0
5 1
5 1
5 0
5 0
5 0
5 0
5 0
5 0
5 0
5 0
5 0
4 2
5 0
5 2
5 0
5 23
5 0
5 0
5 0
5 0
3 2
5 1
5 0
5 0
5 0
5 0
5 0
5 0
5 0
5 0
5 0
5 0
5 0
5 2
5 0
4 1
5 0
5 0
5 0
4 0
5 0
5 0
5 0
5 0
5 0
5 0
5 0
5 2
5 0
5 0
5 0
5 1
5 1
5 0
5 0
5 0
5 23
5 0
5 0
5 0
5 1
5 0
5 1
5 1
5 28
5 0
5 0
5 0
5 0
5 0
5 0
5 0
5 9
5 0
5 0
5 0
5 0
5 0
5 0
1 3
5 5
5 0
5 0
5 0
5 0
5 0
5 0
5 0
5 0
5 0
5 0
5 0
5 0
5 0
5 1
5 1
5 0
5 0
4 1
5 1
5 0
3 1
4 1
5 0
5 0
5 0
5 0
5 0
5 0
5 1
5 1
5 0
5 2
5 0
5 0
5 0
5 0
5 0
5 1
5 0
5 0
3 2
5 0
3 0
5 0
5 0
5 0
5 0
5 6
5 0
5 0
5 0
5 0
5 0
5 0
5 0
5 0
5 0
5 1
5 0
5 0
5 0
5 0
5 0
5 0
5 0
5 0
5 0
5 0
5 0
5 0
5 0
5 0
5 0
5 0
5 0
5 1
1 4
5 2
5 0
5 0
5 0
5 0
5 0
5 0
5 0
5 0
5 0
5 1
5 0
4 0
5 0
5 0
5 0
5 0
5 0
1 4
5 0
5 0
5 0
5 0
5 0
5 0
5 2
5 0
4 0
5 0
5 0
5 0
5 0
5 0
5 0
5 0
5 0
5 0
3 1
5 0
5 0
1 8
5 0
5 0
4 0
5 0
5 0
5 0
5 0
5 0
5 1
5 0
5 0
5 0
5 0
5 0
5 0
4 0
5 0
5 0
5 0
5 1
5 0
5 0
5 0
5 0
4 0
4 0
5 0
4 0
5 0
5 0
5 0
5 0
5 0
5 0
5 0
5 0
5 0
5 0
5 0
5 0
5 0
5 0
5 0
5 0
3 1
1 3
5 0
5 0
5 0
5 0
5 0
5 1
5 0
5 0
5 0
5 0
5 0
4 0
3 1
5 0
5 0
5 0
5 0
5 0
5 0
5 0
5 1
3 1
5 0
5 0
5 0
5 0
5 0
5 0
5 0
5 1
5 0
5 0
5 0
4 0
4 0
5 0
5 0
5 0
5 0
5 0
5 0
5 0
5 0
5 0
5 1
5 0
5 0
5 0
5 0
5 0
5 0
5 0
5 3
5 0
5 0
5 0
5 0
5 0
5 0
5 0
5 0
5 0
5 0
5 0
5 0
5 0
5 0
5 0
4 1
5 0
5 0
5 0
5 0
5 0
4 0
5 0
5 0
4 0
5 0
5 0
5 0
5 0
5 0
4 0
5 0
4 1
5 0
5 0
5 0
5 0
5 0
5 0
5 0
5 1
5 0
2 1
4 0
5 0
5 0
5 0
4 0
5 0
5 0
4 0
5 0
5 0
5 0
5 0
5 0
5 11
5 0
3 0
5 0
5 0
5 0
2 2
5 0
5 0
5 0
5 0
5 1
5 1
5 4
5 1
5 14
5 1
5 2
5 0
5 0
5 0
5 1
5 0
5 0
5 1
5 0
5 3
5 38
5 0
5 1
5 2
5 1
4 2
5 1
5 1
5 11
5 0
5 1
5 2
4 15
5 3
5 0
5 0
5 154
5 81
5 1
5 0
5 64
5 6
5 28
5 0
5 1
5 27
5 0
5 0
5 1
5 2
5 0
1 6
5 1
5 1
5 0
5 0
5 0
5 2
5 2
5 0
5 5
5 4
4 2
5 4
5 5
5 0
5 0
5 0
5 0
4 6
5 1
5 0
5 2
5 7
5 3
5 1
5 1
5 1
5 4
5 2
5 0
5 2
5 2
5 3
5 1
5 16
4 4
5 6
5 1
5 1
5 0
5 4
5 1
1 13
5 4
4 0
5 40
5 0
4 5
5 13
5 19
5 0
5 10
5 6
5 0
5 0
5 0
5 0
5 2
5 1
5 2
5 0
5 1
5 1
5 1
5 0
5 1
5 1
5 0
5 0
5 0
3 39
5 1
5 0
5 0
5 1
5 2
5 2
5 1
5 1
5 0
5 3
5 2
5 3
4 0
5 0
5 1
5 0
5 0
5 0
5 0
5 5
4 0
5 0
5 2
5 0
5 0
5 1
5 1
5 0
5 86
5 54
5 76
5 0
5 0
5 1
5 0
5 0
5 0
5 1
5 0
5 1
5 7
5 3
5 7
5 2
5 5
5 0
5 0
5 0
4 0
1 3
5 0
5 0
5 0
5 0
5 0
5 0
5 0
5 0
5 1
4 0
5 0
5 0
5 0
5 0
5 0
5 0
5 0
5 0
5 17
5 0
5 1
5 23
5 0
5 0
5 0
5 0
5 0
5 1
4 0
4 0
4 0
4 0
5 0
5 1
5 0
5 0
4 0
5 0
5 0
5 0
5 0
5 0
5 0
5 0
5 0
5 0
5 1
5 0
5 0
4 0
5 1
5 0
5 0
5 0
5 0
5 0
5 0
4 0
5 0
5 0
5 0
5 0
5 0
5 1
5 6
4 0
3 0
5 0
5 0
5 21
5 0
5 4
5 0
4 0
5 0
5 0
5 0
4 4
5 0
5 0
5 1
4 0
5 1
5 4
5 0
5 1
5 2
5 0
5 0
5 2
5 0
5 6
5 1
4 4
4 0
5 16
5 0
5 0
5 0
5 7
5 1
5 2
5 1
5 0
5 0
5 0
5 0
5 2
5 0
5 0
5 0
5 0
5 0
5 1
5 0
5 0
5 0
5 0
5 0
5 0
5 0
5 3
5 0
5 1
5 0
5 5
5 0
5 0
5 0
5 0
5 0
5 0
4 1
4 1
5 0
5 1
5 0
5 0
4 0
5 1
5 8
5 0
5 0
5 0
5 0
5 0
5 1
5 2
4 1
5 1
5 0
5 0
5 0
5 0
5 0
5 0
4 2
5 0
5 1
5 0
5 0
5 1
5 0
4 1
4 0
5 0
5 1
5 1
5 0
5 0
5 0
5 0
5 0
5 1
5 0
5 0
5 0
5 0
5 1
5 0
5 0
5 1
4 0
5 0
5 0
5 1
5 0
5 0
5 7
5 0
4 1
5 1
5 1
4 1
5 1
5 1
5 0
5 1
5 0
5 0
5 0
5 0
5 0
5 1
5 0
5 0
5 0
5 0
5 2
4 0
5 2
5 0
4 0
5 1
5 0
5 0
5 0
4 0
5 0
3 2
5 0
5 0
5 0
5 0
5 0
5 0
5 6
5 0
5 0
5 0
5 0
5 1
5 1
5 0
5 0
5 1
5 0
5 1
5 1
4 0
5 0
5 0
5 0
5 0
5 0
5 0
5 0
5 0
5 0
5 3
5 0
5 0
5 0
5 0
5 0
5 0
5 0
5 1
5 0
5 0
5 0
5 0
4 1
5 0
5 0
5 0
5 0
5 0
4 0
5 0
5 0
4 0
5 1
5 1
5 0
5 0
5 2
5 0
5 0
5 0
4 2
5 0
5 0
5 6
5 0
5 36
5 0
5 0
5 0
5 0
5 1
2 2
5 0
5 4
5 0
5 0
5 0
5 1
5 0
5 1
5 0
5 1
5 0
5 0
5 1
4 0
5 0
5 0
5 0
5 0
5 0
5 0
5 0
5 0
5 0
5 0
5 0
5 0
2 5
5 6
5 1
5 0
5 0
5 0
5 0
5 1
3 0
5 1
5 0
5 0
5 0
5 45
4 2
5 1
5 0
5 0
5 3
5 0
5 0
5 1
5 0
5 1
5 1
5 0
5 0
4 0
5 0
5 0
5 0
5 1
5 1
4 0
5 0
5 0
5 0
5 0
5 1
5 2
5 0
4 0
5 0
5 0
5 1
5 0
5 3
5 16
4 0
5 34
5 0
5 0
5 0
5 0
5 0
5 0
5 0
5 0
5 0
5 0
5 0
5 0
4 0
5 1
5 1
5 0
5 0
5 1
5 4
5 0
5 0
4 0
5 1
5 0
5 0
5 0
5 1
5 0
5 0
5 0
5 0
5 0
5 0
5 0
5 1
5 0
4 0
5 0
5 0
5 0
5 0
4 0
5 1
5 0
5 0
4 0
4 0
4 0
5 0
5 0
5 0
5 0
4 0
5 0
5 0
5 1
4 0
5 0
5 0
5 0
5 0
5 0
5 0
5 1
5 0
5 7
5 0
5 0
3 0
5 0
3 1
5 0
5 0
5 0
5 0
3 0
5 0
5 0
4 0
5 0
5 1
5 0
5 1
5 0
5 0
5 0
5 0
5 0
5 0
5 0
5 0
4 0
5 0
5 0
5 0
5 0
5 0
5 0
5 0
5 0
5 0
5 1
5 0
4 0
5 0
5 0
5 0
5 0
5 2
5 0
5 0
5 1
5 0
4 0
5 0
5 0
5 0
5 0
5 0
5 0
4 0
5 0
5 0
5 0
5 0
5 0
5 0
5 0
5 0
5 1
5 0
5 0
5 0
5 0
5 0
5 0
4 1
5 0
5 0
5 0
4 0
5 0
5 0
5 0
5 0
5 0
5 0
5 0
5 0
5 0
5 0
5 0
5 0
5 0
5 0
5 0
4 0
5 0
5 0
5 2
4 0
5 0
5 0
5 0
5 0
5 0
5 0
5 0
5 2
5 1
5 1
5 3
5 0
5 0
5 0
5 0
3 0
5 0
5 0
5 0
5 2
3 0
5 0
5 0
5 0
5 0
5 0
5 0
5 0
5 0
5 0
4 1
5 8
5 1
5 0
5 0
5 0
5 0
5 0
4 0
5 0
5 0
5 0
5 1
5 0
5 1
5 0
5 0
5 1
5 0
5 0
5 0
5 0
5 0
2 5
5 0
5 1
3 0
5 0
5 1
5 1
5 0
5 0
5 0
5 0
5 0
5 1
5 0
5 0
5 0
5 0
5 0
5 0
5 0
5 0
5 0
5 0
4 0
5 0
5 0
5 1
4 0
5 0
5 0
5 0
4 0
5 0
1 3
5 0
5 0
4 0
5 0
5 0
5 3
5 3
5 0
5 0
5 0
5 0
5 0
5 0
5 0
5 0
5 0
5 0
5 0
3 5
5 0
5 0
5 0
5 1
5 0
5 0
5 0
5 0
5 0
5 0
5 0
5 0
5 0
4 0
5 0
2 2
5 0
5 0
5 2
5 0
5 0
4 0
5 0
5 1
5 0
5 0
5 0
5 1
5 0
5 0
5 0
5 0
5 0
3 1
5 0
5 1
5 0
5 0
5 0
5 0
5 0
5 0
5 0
5 0
5 0
5 0
4 0
5 0
5 0
5 0
5 0
5 0
5 0
5 0
5 0
5 97
5 0
5 0
4 0
5 0
5 0
5 0
5 0
5 0
5 0
5 0
1 4
5 0
4 0
4 0
5 0
5 0
5 0
5 0
4 0
5 0
5 0
4 0
5 0
5 0
5 0
5 0
4 0
5 0
5 0
5 1
5 0
5 0
5 0
5 0
5 1
5 0
5 0
4 3
5 0
5 6
5 0
5 0
5 1
5 0
5 0
5 0
5 0
5 0
5 0
5 0
5 0
5 0
5 0
5 0
5 0
5 0
5 0
5 0
5 0
5 0
5 0
5 0
5 0
5 0
5 0
5 0
5 0
5 0
5 0
5 0
5 1
5 0
5 0
5 0
5 0
5 3
4 0
5 0
5 0
5 0
5 0
5 0
5 0
5 0
5 0
5 0
5 0
5 0
5 0
5 0
5 0
5 0
5 0
5 0
5 0
5 0
5 0
4 0
5 0
5 0
5 0
5 0
5 0
5 0
4 0
5 0
5 0
5 0
5 22
5 1
5 0
5 0
5 5
5 0
5 3
5 0
5 0
5 0
5 0
5 0
5 0
5 0
5 0
5 0
5 0
5 0
5 0
5 0
5 0
5 0
4 0
5 0
5 0
5 0
5 0
5 12
5 0
5 0
5 1
3 1
5 0
5 0
5 0
5 0
5 0
5 0
5 0
4 28
5 0
5 0
5 0
5 0
5 0
5 0
5 0
5 0
5 0
5 0
5 0
5 0
5 0
5 0
5 0
5 0
5 0
5 0
5 1
5 1
5 14
4 0
5 2
5 0
5 0
5 0
5 0
5 0
4 0
5 0
5 0
5 0
5 0
5 0
5 0
5 0
5 0
4 0
4 0
5 0
5 0
4 0
4 0
5 0
5 0
5 0
5 0
5 0
5 0
5 0
5 0
5 0
5 0
5 0
5 0
5 0
5 0
5 0
5 0
5 0
5 0
5 0
5 4
4 0
4 0
5 0
5 0
5 0
5 0
5 0
5 0
5 0
5 0
4 0
5 0
5 0
5 0
5 0
5 0
4 0
5 0
5 0
3 0
3 1
5 0
5 0
5 0
5 0
5 0
5 0
5 0
5 0
5 0
5 0
5 0
5 2
5 0
5 0
5 0
5 0
5 0
5 0
5 0
5 0
5 0
5 0
5 0
5 0
5 0
5 0
5 1
5 0
5 0
4 0
5 0
5 0
5 0
5 0
5 0
5 0
5 0
5 0
5 0
5 0
5 0
5 0
5 0
5 0
5 0
5 0
5 0
5 0
1 1
4 0
4 0
4 0
5 0
5 0
5 0
5 0
5 2
5 0
5 0
5 0
5 0
5 0
5 1
4 1
5 0
5 0
5 0
5 0
5 0
5 0
4 0
5 0
5 0
5 0
5 0
5 0
5 0
5 0
5 0
4 0
5 0
5 0
5 0
5 0
5 0
4 0
5 0
5 0
4 0
3 0
5 0
5 0
5 0
5 1
5 0
5 5
5 0
5 0
5 0
5 0
5 0
5 0
5 0
5 0
5 0
4 0
5 0
5 0
5 0
5 0
5 0
5 3
5 3
5 0
5 0
5 0
5 0
5 0
5 0
5 0
5 0
5 0
5 0
5 0
5 4
4 0
5 0
4 0
5 0
5 0
5 0
5 0
1 1
5 0
5 0
5 0
5 0
5 0
5 1
5 1
3 0
3 0
5 0
5 0
5 0
5 0
4 0
5 0
4 0
5 0
4 0
5 0
3 0
4 0
5 0
5 0
5 0
5 0
5 0
5 0
5 0
5 0
4 0
5 0
5 1
5 0
5 0
5 0
5 0
5 0
5 0
5 0
4 0
5 0
5 1
5 0
5 0
5 0
5 0
5 0
5 0
5 0
5 0
5 0
5 0
5 0
5 0
5 0
5 0
5 0
5 0
1 6
5 0
5 0
5 0
5 0
5 0
5 3
4 0
5 1
5 0
5 0
5 0
5 1
5 0
5 0
5 0
5 0
5 0
5 0
5 0
5 2
4 0
5 0
5 0
5 0
5 0
5 1
5 0
5 0
5 0
5 0
5 0
5 0
5 0
5 6
5 0
5 13
5 1
5 0
5 0
5 0
5 0
5 0
5 0
5 0
5 0
5 0
5 1
5 0
5 0
5 0
5 0
5 0
5 0
5 0
5 0
5 3
5 0
5 0
5 1
5 0
5 0
5 0
5 0
5 0
5 0
5 0
5 0
5 0
5 1
5 0
5 0
5 0
5 0
5 0
5 0
5 0
5 0
5 0
5 0
5 0
5 0
4 0
5 0
5 0
5 0
5 0
5 0
5 1
5 0
5 2
5 0
5 0
5 0
5 1
4 1
5 0
5 0
5 0
5 0
5 0
5 0
5 0
5 0
5 0
5 0
5 0
5 0
5 1
5 0
5 0
5 0
5 0
3 0
5 0
5 0
5 0
5 0
1 3
5 0
5 0
5 1
5 0
5 0
5 0
5 0
5 0
5 0
5 0
5 0
5 0
5 0
5 0
5 0
5 0
5 0
5 0
4 0
5 0
5 0
4 8
5 0
5 0
5 0
5 0
4 0
2 2
4 0
4 0
5 0
5 1
5 0
5 0
5 0
5 0
5 0
4 0
5 1
5 0
5 0
5 0
5 0
5 0
5 0
5 0
2 2
5 0
5 0
5 0
5 0
3 4
4 1
5 2
5 0
5 0
5 0
5 0
5 0
5 0
5 2
5 0
5 0
5 1
5 0
4 0
5 0
5 0
5 1
5 0
5 0
5 0
5 0
5 1
5 13
5 0
1 1
5 0
5 0
5 0
5 1
5 1
5 0
5 0
5 0
5 0
5 0
5 0
5 0
5 0
5 0
5 0
4 0
5 0
4 2
5 0
5 0
5 4
5 0
5 0
5 0
3 1
5 0
5 0
5 1
5 1
5 1
5 0
5 0
5 0
5 0
5 0
4 0
5 0
5 1
5 0
5 0
5 0
5 0
5 2
5 0
5 1
5 0
5 0
5 0
5 0
5 0
5 0
5 0
5 0
5 0
5 0
5 0
5 0
5 0
4 0
5 0
5 0
4 1
5 1
5 0
5 0
4 0
5 0
5 3
5 0
5 0
5 0
5 0
5 0
5 0
5 1
5 0
5 0
5 0
5 0
5 0
5 0
3 0
5 0
5 0
5 2
4 0
5 1
5 0
5 1
5 1
5 1
5 0
5 0
5 0
5 0
5 2
5 0
5 0
1 1
4 0
5 0
5 9
5 0
5 0
5 0
5 1
5 0
5 0
5 0
5 0
5 0
5 1
5 0
5 0
5 4
3 2
5 0
5 0
5 0
5 0
5 0
5 0
5 0
5 0
4 0
5 0
5 0
5 0
4 0
3 3
5 0
5 0
5 0
1 10
5 1
5 0
5 0
5 0
5 0
5 0
5 0
5 0
5 0
5 0
5 0
5 0
5 2
5 1
5 0
5 0
5 0
5 0
5 0
5 0
5 0
5 0
5 0
5 0
5 0
5 0
4 0
5 0
5 0
5 4
5 0
5 0
5 0
5 0
5 0
2 4
5 0
5 0
5 0
5 1
5 0
5 0
5 0
5 0
5 0
5 1
5 0
5 0
5 0
5 0
4 0
5 0
5 0
5 0
5 0
5 0
5 12
4 0
5 7
5 0
4 0
5 1
5 0
5 0
5 2
5 1
5 0
5 0
5 11
5 0
5 0
5 0
5 0
1 7
5 1
5 0
5 0
5 0
5 0
5 0
5 0
4 0
5 0
5 0
5 0
5 0
4 2
5 0
5 0
5 3
5 1
5 0
5 0
5 0
5 0
5 0
5 0
5 0
5 0
5 0
5 0
5 0
5 0
5 0
5 0
5 0
5 0
5 0
5 0
5 1
5 1
5 1
5 3
5 0
5 1
5 0
5 1
5 1
1 11
5 0
5 152
5 0
5 1
5 0
5 2
5 0
5 0
5 0
5 1
5 1
5 1
5 0
1 8
5 0
5 0
5 1
5 0
5 0
4 0
5 0
5 0
5 0
5 2
5 1
5 2
4 1
5 2
5 0
5 0
5 1
5 1
5 0
5 0
5 1
5 1
4 2
5 1
5 1
5 2
5 0
5 0
5 4
5 3
5 7
5 0
5 0
5 1
5 1
5 1
5 3
5 0
5 8
5 0
5 2
5 0
5 0
5 0
5 0
5 0
5 0
5 1
5 1
5 0
5 0
5 0
5 4
5 70
5 1
5 1
4 1
4 1
5 0
5 0
5 0
5 3
5 1
5 0
5 0
5 2
5 0
5 2
5 0
5 0
5 0
5 0
5 0
4 0
5 1
4 0
4 0
5 3
5 2
5 0
5 0
5 1
5 0
5 0
5 79
5 0
5 0
5 2
3 7
5 0
5 0
5 0
5 1
2 4
5 0
5 0
5 1
5 25
5 0
5 6
5 0
5 0
5 1
5 0
5 1
5 1
5 0
3 1
5 0
5 22
5 2
5 1
5 1
5 1
5 1
5 0
5 0
5 0
5 0
5 0
5 2
5 1
5 1
5 0
5 0
