5 2
5 1
4 0
5 0
3 1
5 0
5 0
5 0
3 0
4 0
5 0
5 2
5 0
5 1
5 0
5 0
4 0
5 0
5 1
5 0
4 0
4 0
4 2
4 2
5 0
4 0
4 0
5 0
5 0
5 0
4 0
5 3
4 1
5 1
5 2
5 0
4 0
5 2
5 0
4 0
3 0
5 0
4 1
5 0
5 0
4 1
4 0
3 3
4 2
4 0
4 0
5 0
5 1
5 3
4 0
4 0
4 0
4 1
4 0
5 0
3 0
5 0
4 0
3 0
3 0
3 0
4 0
5 0
5 0
5 0
4 0
2 3
5 0
5 0
3 0
1 2
4 0
5 1
5 0
4 0
5 0
5 0
5 0
4 0
5 1
1 25
4 2
5 1
5 0
4 0
3 0
1 6
5 0
5 0
5 1
3 1
5 1
5 1
4 1
4 1
4 0
5 1
4 0
5 1
5 0
4 0
5 0
5 0
3 0
4 0
1 2
5 0
5 1
5 0
4 0
5 7
5 0
5 1
5 1
5 1
5 0
5 1
5 0
4 0
5 0
4 0
2 2
5 0
5 1
4 0
5 1
1 2
1 1
4 1
1 1
5 0
5 0
5 0
4 0
5 0
5 0
3 0
5 0
5 0
4 0
5 1
4 1
4 0
4 3
5 1
2 1
5 0
5 0
5 2
4 9
5 0
5 1
5 2
5 0
4 0
5 2
4 0
5 0
4 0
1 3
5 0
4 0
5 0
5 0
4 0
5 0
4 0
5 0
4 2
2 7
5 1
5 5
1 1
5 1
5 1
4 0
5 2
5 0
4 0
4 0
5 5
5 5
5 0
5 51
5 1132
5 0
4 0
5 0
5 0
4 0
4 0
5 0
3 0
5 0
4 0
4 1
4 0
5 0
1 2
4 0
5 0
5 0
2 1
5 1
5 0
5 0
4 0
5 5
5 0
4 0
4 0
5 0
5 1
5 0
5 0
5 0
5 0
3 1
5 0
4 0
4 0
5 2
4 2
4 0
5 0
5 1
4 0
5 0
4 0
5 0
5 0
1 2
5 0
4 0
5 1
5 1
5 0
4 0
5 0
5 0
5 0
5 0
5 0
5 0
5 0
4 0
5 2
1 3
5 0
3 0
4 0
3 0
4 0
4 0
4 0
4 0
2 2
2 1
2 3
5 0
5 2
4 0
5 0
5 1
5 0
5 1
5 0
3 1
5 24
4 0
3 0
5 0
5 0
5 0
5 0
5 6
5 0
5 0
5 1
5 0
5 0
5 1
5 1
3 0
3 0
2 0
3 0
5 0
5 0
5 1
5 0
2 0
4 0
5 0
5 0
4 0
4 0
5 0
4 0
4 0
4 0
5 3
5 0
5 1
5 0
5 526
5 1
5 0
5 0
3 0
5 3
3 0
5 2
4 1
4 0
4 1
5 0
4 0
4 0
4 0
5 10
5 0
5 8
4 0
5 0
5 4
5 0
4 0
4 0
4 0
5 0
4 3
4 0
4 0
4 1
4 0
3 0
4 0
4 1
5 0
5 4
5 1
5 0
5 0
5 4
5 0
5 1
5 0
4 0
5 0
5 0
5 1
4 1
4 1
5 1
4 1
5 1
5 7
5 0
5 2
4 0
5 0
5 0
5 1
4 0
4 0
5 0
4 1
4 1
5 0
4 3
5 0
5 0
5 0
5 3
5 0
5 4
4 0
5 5
5 0
3 1
1 5
5 1
5 2
5 1
5 1
4 0
5 0
4 0
4 0
5 0
5 0
5 2
4 0
5 2
5 1
5 0
4 0
1 6
4 0
5 0
5 0
4 0
4 0
5 1
3 1
5 0
4 0
4 0
5 0
5 0
3 0
3 0
5 5
4 0
5 1
5 0
5 1
3 1
5 2
5 0
5 0
5 1
5 0
5 0
5 2
5 0
5 1
4 2
3 0
4 1
5 1
4 0
5 0
3 0
4 0
3 0
5 0
2 1
5 0
5 0
4 0
5 0
5 0
1 1
5 2
5 1
5 0
5 0
3 1
5 3
5 0
4 1
5 1
5 0
5 9
5 1
1 6
5 1
5 2
4 0
5 1
5 5
4 1
4 0
4 0
5 0
5 0
5 1
5 0
5 2
5 0
5 1
5 1
5 0
5 0
5 1
5 0
4 1
5 0
5 0
5 3
4 2
5 0
5 2
5 0
5 0
5 0
5 2
2 7
4 0
4 5
5 0
5 1
5 1
4 0
5 0
5 0
5 10
5 0
5 0
4 0
5 0
5 0
4 0
5 0
2 1
3 0
5 0
4 1
4 3
4 0
5 0
4 0
5 19
5 0
4 0
1 0
5 0
5 0
5 0
5 0
3 0
2 0
4 0
5 0
5 0
5 3
4 1
4 2
5 0
3 1
4 7
5 0
4 1
3 0
5 1
5 0
5 1
5 1
5 0
1 4
5 0
4 2
5 0
5 0
5 0
3 1
4 1
3 0
4 2
4 1
5 0
5 0
5 0
5 2
5 0
4 0
4 3
5 2
5 0
5 1
4 1
4 0
5 5
5 0
5 1
4 2
5 0
4 2
5 0
3 3
5 1
5 3
4 2
5 0
5 0
4 0
5 0
4 1
5 0
4 0
4 2
4 1
5 0
4 1
4 3
5 1
3 0
4 1
5 0
4 0
5 0
5 3
4 1
5 1
4 0
5 1
5 1
4 0
4 0
3 0
5 1
5 1
5 0
3 0
5 0
4 0
4 2
5 1
5 82
5 0
5 1
4 0
4 0
3 3
2 1
5 1
5 0
5 5
5 0
4 2
4 1
4 0
5 0
5 2
4 0
5 0
5 0
5 0
4 0
5 1
5 1
5 0
4 5
5 0
4 33
5 1
5 3
4 1
5 0
4 0
4 0
4 1
4 0
4 0
1 1
4 0
5 0
3 0
4 0
5 0
3 0
4 0
1 1
5 1
4 0
4 0
2 2
4 0
4 0
5 3
4 0
5 1
4 2
1 5
5 2
5 0
5 0
5 4
4 0
5 0
4 1
4 0
5 0
4 0
5 0
4 0
3 0
4 0
4 1
4 0
4 1
4 2
1 3
4 0
3 0
5 1
5 0
5 1
5 0
5 0
5 0
5 0
5 0
5 0
5 0
5 0
5 0
5 0
3 0
5 0
4 0
5 0
5 0
5 0
5 0
5 3
5 0
5 2
5 0
5 0
5 0
5 0
5 0
5 0
5 0
5 0
5 0
4 0
5 0
5 0
5 0
5 0
5 0
5 0
4 0
5 0
5 0
5 0
3 0
5 0
5 0
1 15
5 0
5 0
5 0
5 0
5 0
5 0
4 14
5 0
5 0
2 1
5 0
5 0
5 0
