4 0
5 0
4 0
5 1
5 1
5 0
5 1
4 0
5 0
4 0
5 2
5 1
4 0
3 0
4 1
3 2
4 1
5 1
5 0
5 1
5 2
5 0
4 0
3 0
5 1
5 0
5 0
5 1
5 1
4 0
5 0
5 1
5 1
5 0
5 0
5 0
5 0
4 0
4 0
5 10
4 0
4 0
5 0
5 0
5 0
4 0
3 0
4 0
4 0
5 0
5 0
5 0
4 0
5 0
5 2
5 2
1 3
5 3
5 3
5 3
5 2
5 0
4 0
5 0
4 0
5 0
5 0
5 0
5 0
5 0
5 1
4 0
5 0
5 0
5 0
4 0
5 0
5 1
5 0
4 0
5 0
5 0
4 1
5 1
5 2
2 1
4 0
5 0
4 0
5 0
5 0
5 0
5 0
4 0
5 0
5 1
1 0
4 0
4 0
4 0
3 0
4 0
5 0
5 0
5 0
5 0
5 0
5 4
5 2
5 1
4 0
3 1
5 0
5 0
5 0
5 0
5 0
5 0
5 0
5 16
5 0
5 0
5 0
4 0
5 0
5 0
5 0
5 2
5 0
5 0
3 5
4 0
5 1
4 0
4 3
5 0
5 0
5 0
5 1
5 0
5 0
5 2
4 0
5 0
5 0
5 0
5 0
4 0
5 0
5 0
5 1
5 0
5 0
5 1
5 0
5 2
5 0
5 7
5 0
5 9
5 0
5 0
5 1
5 1
5 0
5 0
5 0
5 0
5 0
4 0
5 0
5 0
5 0
5 0
5 0
5 0
5 1
5 0
3 0
3 0
5 0
4 3
5 0
5 0
5 1
5 1
5 0
4 0
4 0
5 0
5 0
5 0
5 0
5 0
5 0
5 0
5 0
3 0
5 2
5 0
5 0
4 0
5 0
5 0
5 1
4 0
4 0
5 0
5 0
5 0
4 0
5 0
5 1
5 0
5 0
5 0
4 4
5 0
5 0
5 0
5 0
4 0
5 0
5 0
4 0
5 2
5 0
5 1
5 0
5 3
4 0
5 0
5 0
5 1
5 0
5 0
5 0
5 0
5 0
2 2
4 2
5 1
5 1
5 0
5 1
5 0
5 0
5 0
5 0
5 0
5 1
5 0
5 3
5 2
5 0
5 10
5 0
5 1
4 0
5 11
5 6
5 1
5 0
5 0
5 1
5 5
5 0
5 0
4 0
5 0
5 0
5 2
5 0
5 0
5 0
5 0
5 0
5 0
5 0
5 2
5 0
5 0
5 0
5 0
5 0
4 0
5 0
5 4
5 7
4 0
5 0
5 1
3 0
5 0
3 0
5 0
5 0
5 0
5 0
5 0
5 0
5 0
5 0
3 0
5 1
5 0
5 0
4 0
5 0
5 2
5 1
5 0
5 0
5 0
5 0
5 0
5 0
4 0
5 0
5 0
4 0
5 1
5 0
5 0
4 0
5 0
5 0
4 2
5 1
4 0
5 0
5 0
3 1
5 2
5 0
4 0
5 1
5 0
4 0
5 0
4 0
5 0
1 110
4 0
4 0
5 2
5 0
4 0
5 1
5 0
5 0
2 0
5 0
5 0
4 0
5 1
5 1
4 0
5 0
4 0
5 0
5 1
5 0
3 1
5 2
5 0
5 1
4 0
3 0
5 0
5 0
5 0
5 0
5 0
5 0
5 0
5 0
5 0
5 0
5 0
4 0
5 1
5 3
4 0
5 0
5 0
5 2
5 0
5 0
5 1
5 0
5 0
5 0
5 0
5 1
4 0
5 0
5 3
5 0
5 0
5 0
1 2
5 0
5 0
5 1
5 2
5 1
4 0
5 0
5 0
3 0
3 0
5 0
5 0
5 0
5 0
5 0
4 2
5 0
5 0
5 1
4 1
5 0
3 0
4 0
5 0
5 0
5 0
4 0
4 0
4 0
5 0
4 0
4 2
5 1
5 1
4 0
5 0
5 4
4 1
5 0
5 0
5 0
5 0
5 0
5 0
5 2
5 0
5 0
5 1
5 0
5 0
5 0
5 0
5 0
5 0
4 0
4 0
5 0
3 0
5 0
5 0
1 1
5 0
3 0
5 0
5 0
5 0
5 1
5 0
5 1
5 0
5 0
5 1
5 0
5 0
5 0
4 0
5 2
3 2
5 12
4 0
4 0
5 0
5 0
5 0
5 0
5 0
5 1
5 0
5 0
5 1
5 0
5 3
4 0
5 0
4 0
5 0
5 0
4 0
5 0
5 0
5 0
5 0
5 0
4 0
5 0
5 6
5 0
5 0
5 0
5 0
5 0
5 0
5 0
5 0
5 1
4 0
4 0
4 0
5 0
5 10
5 0
5 0
5 0
5 0
5 1
5 1
5 0
5 9
5 9
5 1
5 1
5 2
5 1
5 7
5 7
5 2
5 0
4 0
5 0
5 6
5 0
5 7
5 0
5 0
5 0
4 0
4 0
5 0
1 5
1 18
5 3
4 3
5 0
5 0
5 0
4 0
4 0
5 0
3 0
4 0
4 0
3 0
5 0
2 2
4 0
4 2
4 0
5 0
5 3
5 0
5 0
5 2
5 0
5 9
5 0
5 0
5 0
4 1
5 0
5 1
5 2
5 2
5 2
5 0
4 0
3 0
5 0
5 0
4 1
4 0
5 1
4 0
4 0
5 0
5 6
5 3
5 1
5 4
5 20
5 5
5 1
5 0
5 0
5 0
5 0
4 0
5 2
5 0
5 0
5 1
4 4
5 13
5 3
5 21
5 4
5 1
5 0
3 0
3 0
3 0
3 0
3 0
5 0
4 0
4 0
4 7
5 0
5 1
2 0
5 4
5 0
5 1
5 0
5 2
5 0
5 0
5 1
4 0
5 0
5 1
5 4
5 2
2 4
5 6
5 1
5 0
5 0
2 2
5 0
5 2
4 1
5 1
4 0
5 0
5 0
4 0
1 2
4 0
5 0
5 1
5 1
4 0
5 3
5 1
5 1
5 0
5 2
5 0
5 4
4 6
5 0
5 4
5 1
5 0
5 0
5 2
5 1
5 0
4 0
4 0
4 1
5 0
5 1
5 1
5 1
5 1
5 2
5 0
5 0
5 8
5 13
5 1
5 0
2 2
5 1
5 1
5 0
5 0
5 0
5 0
5 1
5 0
5 0
5 0
5 0
5 0
5 0
5 0
5 0
5 0
5 0
