5 10
5 6
1 18
5 2
5 2
5 4
4 1
5 3
5 1
5 1
3 16
5 1
2 20
5 14
5 5
5 2
1 61
5 6
4 1
5 2
3 6
5 2
5 6
5 1
5 10
1 20
5 3
4 1
3 10
5 0
1 23
5 2
3 3
5 2
1 29
5 10
5 4
5 2
4 3
2 12
4 4
5 5
5 3
1 179
1 17
5 2
5 7
5 2
5 7
5 4
5 3
4 1
5 4
2 16
5 150
5 5
5 3
2 24
5 4
5 1
5 9
5 5
5 2
5 2
5 7
5 3
5 6
5 1
5 1
5 2
5 2
5 7
5 5
5 8
1 28
5 6
5 1
2 22
1 17
3 10
5 4
5 1
4 0
4 3
5 1
5 0
1 20
5 0
4 1
1 80
5 0
5 1
5 3
4 7
5 5
5 4
5 1
4 1
5 0
5 3
5 0
3 5
5 1
5 4
5 1
5 1
5 0
5 2
5 0
5 1
5 0
5 1
5 5
3 10
5 0
5 7
5 1
5 0
5 2
3 8
5 1
5 3
5 2
4 10
5 2
5 1
5 2
4 1
5 0
5 2
5 3
2 20
5 1
5 0
5 4
1 68
5 1
5 2
5 1
5 1
5 0
5 1
5 0
5 0
5 0
5 1
1 24
5 0
5 0
5 0
5 1
3 9
5 2
5 0
5 0
5 0
4 0
2 46
5 0
5 0
5 1
4 1
5 22
4 0
5 3
5 2
5 1
5 1
5 0
5 0
4 0
5 1
3 8
3 11
4 1
5 2
5 5
5 3
5 2
5 1
4 11
1 42
5 30
5 0
5 0
2 73
4 0
5 0
5 2
5 0
5 1
5 1
5 1
5 1
5 9
3 6
5 2
5 2
5 1
5 4
4 2
5 4
5 0
5 3
5 3
1 16
5 4
5 1
1 12
5 1
5 0
5 5
5 8
5 1
2 4
1 158
2 29
4 4
1 82
2 13
1 43
2 40
2 37
5 2
5 3
5 4
5 1
5 2
5 5
5 4
5 8
5 4
5 4
2 11
5 1
5 1
5 1
1 87
2 21
5 2
5 11
5 2
5 1
5 1
1 10
1 37
5 3
5 2
4 1
5 6
5 7
5 12
5 0
5 3
5 1
5 0
5 5
1 10
1 33
5 2
1 26
5 1
4 2
5 10
5 6
5 10
5 2
5 0
5 2
5 0
5 1
5 0
5 1
5 1
5 3
5 0
5 0
5 1
3 9
4 1
5 2
2 9
5 5
5 5
5 0
5 3
5 0
5 0
5 0
2 5
5 2
5 0
5 1
5 2
5 1
5 0
5 1
5 0
5 0
5 0
5 0
5 2
3 0
5 3
5 0
5 2
5 3
5 40
5 5
5 0
5 1
5 0
5 0
5 0
2 4
5 0
5 5
5 7
5 1
5 2
5 1
5 0
5 1
5 1
5 0
1 7
4 3
5 6
5 10
5 0
4 11
5 2
5 8
4 4
5 7
5 33
5 0
5 1
5 67
4 0
5 0
5 0
5 0
5 2
5 1
4 1
5 0
5 2
5 2
5 0
1 19
5 13
5 2
1 33
5 1
5 0
5 0
5 0
5 0
5 0
5 1634
4 3
5 0
5 2
5 0
1 15
5 1
5 3
5 0
5 3
5 2
2 4
3 3
5 0
5 0
5 18
5 0
5 4
5 0
2 6
5 0
5 0
1 12
5 0
5 0
5 2
5 0
1 9
5 1
5 3
5 0
5 0
5 2
5 1
5 0
5 0
5 0
5 0
5 0
1 181
1 7
2 16
5 3
5 2
5 0
5 0
5 2
5 9
4 0
5 0
5 15
5 4
5 3
5 0
5 0
4 1
5 0
5 4
5 0
4 318
5 2
5 2
3 2
5 0
5 3
5 0
5 27
5 1
5 2
5 0
5 3
5 3
5 6
1 40
5 5
4 5
5 0
5 2
5 3
5 4
5 1
5 5
5 1
5 0
5 0
1 15
5 0
5 0
5 1
5 0
1 26
5 17
5 0
3 1
5 0
5 0
5 2
5 0
5 0
5 2
5 0
5 0
5 0
5 0
2 12
5 0
3 1
5 0
5 0
5 0
5 0
5 0
2 6
5 0
5 6
5 0
4 3
5 0
5 0
5 0
5 0
5 0
5 0
5 0
5 0
5 1
5 0
5 0
5 0
4 0
1 32
5 0
5 0
5 0
5 10
5 0
5 0
5 0
5 0
5 0
5 0
5 0
5 0
5 0
5 0
5 0
5 0
1 12
5 0
5 0
5 0
4 1
5 0
5 0
5 0
5 0
5 1
5 0
5 0
5 0
5 0
5 0
5 0
5 0
5 0
5 0
5 0
5 1
5 0
5 0
5 1
5 0
5 0
5 0
5 0
1 18
5 0
4 2
5 5
5 0
5 0
5 0
5 3
5 1
5 0
5 0
5 0
1 63
5 0
5 1
5 1
2 9
2 4
5 0
5 0
4 0
5 0
5 0
5 1
