1 8
5 8
1 7
4 2
1 12
4 7
5 5
1 6
1 5
1 10
1 9
4 5
3 5
3 9
4 4
5 12
5 3
1 15
1 11
5 15
1 10
4 11
1 10
5 7
4 5
1 9
3 5
1 9
1 12
5 9
3 5
5 12
5 12
4 8
1 14
1 13
5 7
4 10
1 11
5 14
5 11
1 9
3 3
1 6
5 16
4 5
5 7
4 7
1 5
1 7
2 5
2 2
5 12
5 8
5 9
1 4
5 13
1 6
1 20
1 11
5 11
5 14
5 27
1 5
5 10
2 3
1 2
1 1
5 8
3 0
5 8
1 8
5 15
5 12
5 6
4 14
4 9
1 7
5 4
1 3
5 10
4 9
5 4
5 27
5 11
5 9
1 12
2 13
1 15
4 5
3 2
4 4
3 8
5 4
5 4
5 22
5 4
4 3
3 2
5 15
1 3
4 4
1 6
5 2
4 9
2 4
1 6
4 7
3 2
5 4
2 7
3 2
1 9
1 31
4 8
5 27
5 10
5 9
2 7
2 6
4 20
5 4
5 8
5 5
5 1
1 8
5 7
1 5
5 2
4 6
4 5
4 4
5 2
1 9
5 4
5 5
5 4
4 4
5 2
2 7
2 1
1 4
1 6
1 11
1 9
5 2
5 3
3 3
1 5
1 6
1 4
1 5
1 5
1 8
1 4
5 6
5 11
5 9
1 9
2 6
4 3
1 8
1 8
2 3
4 9
5 6
5 6
5 8
2 7
5 4
1 7
3 4
5 3
5 8
5 6
4 6
1 7
3 4
4 5
3 3
4 2
2 9
1 12
1 7
3 3
4 10
5 3
5 9
4 4
1 10
5 5
5 4
5 5
4 5
5 4
5 7
4 6
1 13
2 9
4 8
1 8
3 5
1 10
5 11
5 10
5 5
5 8
1 8
3 6
5 5
5 3
4 37
5 31
1 18
1 9
5 7
5 15
3 6
5 4
5 4
4 8
5 3
5 3
3 6
5 2
1 6
5 3
1 6
5 3
1 9
5 4
5 1
5 10
5 5
4 2
4 2
5 4
4 16
5 10
4 6
4 3
5 7
1 7
4 3
5 5
4 3
4 3
4 3
5 3
5 14
5 5
2 1
5 8
4 2
3 7
3 7
4 6
3 1
5 4
2 2
5 6
5 3
5 5
5 1
5 4
4 3
5 9
5 7
2 5
5 11
3 6
1 5
5 7
5 7
1 13
4 3
5 12
1 19
5 7
1 13
5 5
5 7
4 6
4 5
5 11
5 10
1 5
1 7
2 7
1 9
2 9
1 11
5 11
5 10
2 4
4 10
1 1
5 6
3 7
1 9
2 0
1 6
5 7
5 1
5 7
1 19
4 9
3 2
5 9
5 10
5 1
1 26
1 12
5 12
2 18
1 9
1 16
5 12
2 4
5 12
4 7
2 11
5 10
1 13
5 10
1 9
4 9
4 1
1 7
5 4
1 10
5 9
5 14
1 10
1 3
4 3
5 3
5 8
4 6
4 1
5 9
1 10
1 6
1 16
4 1
1 12
4 3
1 5
5 5
5 7
5 8
1 19
5 12
5 2
1 2
3 7
5 7
5 4
2 8
5 9
3 11
1 7
5 7
1 14
3 6
1 4
5 13
1 10
4 3
5 3
1 10
3 14
5 0
1 9
3 0
5 2
1 10
5 7
3 8
5 8
1 12
5 6
3 16
2 28
1 9
5 7
5 16
5 2
5 0
5 3
4 3
4 0
1 13
5 3
5 13
5 6
1 10
1 9
5 15
1 8
1 10
4 0
1 5
5 15
5 8
2 5
4 3
3 8
1 11
5 6
5 7
1 12
2 11
1 3
3 20
5 12
5 10
5 5
5 8
3 1
4 4
1 3
1 3
1 9
1 7
5 12
1 7
4 9
4 3
1 4
5 3
5 1
5 5
5 0
4 6
5 3
1 5
1 4
4 8
4 2
2 6
1 14
1 35
2 1
4 6
3 7
1 13
1 15
5 290
5 1
4 2
2 4
5 3
5 2
1 3
1 18
5 9
5 6
2 12
1 7
1 9
1 7
5 8
5 3
5 9
4 9
1 7
5 12
1 7
5 6
4 5
4 3
1 12
5 0
5 12
4 6
5 7
2 0
1 14
1 17
5 19
1 17
1 17
1 12
4 10
4 7
5 92
1 17
5 6
4 5
5 4
2 7
5 4
4 1
4 4
1 4
5 1
3 10
5 4
1 8
5 9
5 11
5 94
5 8
5 12
5 9
5 8
2 8
1 4
5 2
1 4
1 6
4 10
3 6
5 24
5 8
2 5
5 4
1 7
1 7
5 85
5 4
1 9
5 7
5 8
1 4
4 6
5 12
4 7
4 8
4 23
4 4
1 9
5 3
4 0
4 3
5 5
2 5
4 6
3 12
5 20
1 4
1 9
5 15
1 13
5 12
5 11
4 9
1 0
4 7
5 28
5 9
4 15
5 13
5 24
4 13
1 16
1 13
5 5
4 12
5 21
5 9
5 0
4 7
5 9
5 7
5 6
5 0
5 12
5 43
5 30
1 5
1 16
1 10
5 15
1 18
5 37
1 19
5 15
1 10
3 3
4 8
3 19
5 22
5 8
5 17
2 20
5 6
5 28
5 11
3 3
5 7
5 12
2 13
5 13
5 11
4 4
5 2
1 23
5 13
5 7
5 8
4 15
5 10
4 10
5 12
5 21
5 14
4 22
5 20
5 14
3 2
5 12
5 12
5 10
3 39
5 6
5 120
5 28
5 9
1 12
4 30
1 37
5 6
5 17
5 24
5 10
1 8
5 21
1 10
2 22
5 7
5 14
5 13
4 6
5 29
2 11
5 11
5 17
5 12
2 18
5 12
4 16
1 15
5 16
4 22
5 0
5 16
5 19
2 19
4 41
5 0
4 20
3 5
3 15
5 31
1 12
4 26
4 6
5 3
5 12
5 14
1 13
5 11
5 3
5 2
5 32
3 11
5 5
5 8
5 15
4 0
5 1
2 4
5 46
5 3
3 20
5 5
4 2
4 2
1 2
4 13
5 5
5 3
5 7
4 3
1 5
5 3
5 93
5 3
1 5
5 21
5 2
5 19
5 34
5 1
5 3
5 1
5 2
1 4
1 37
5 2
1 3
5 1
5 1
1 3
5 4
4 200
4 6
5 1
1 1
1 27
5 38
1 2
5 37
5 1
5 1
5 1
1 3
5 40
5 1
4 1
5 1
5 1
5 0
5 152
5 0
5 1
5 1
5 1
5 1
5 1
5 1
5 1
4 0
1 3
5 2
3 1
4 3
5 1
5 1
4 1
5 1
5 1
1 2
5 0
1 18
5 1
1 2
1 4
5 1
5 1
1 4
1 4
5 1
1 2
1 2
5 1
1 3
1 4
1 6
4 46
4 29
5 1
1 2
2 2
5 0
1 2
5 0
5 51
4 2
4 3
5 1
1 4
5 1
5 2
5 0
1 4
5 0
4 0
5 1
5 0
3 4
5 2
2 2
5 46
5 1
5 1
5 1
5 2
5 3
5 56
5 1
