5 17
5 17
4 14
5 10
5 8
5 10
5 6
4 15
5 12
5 13
5 4
5 5
5 3
1 25
5 5
5 4
1 21
1 17
1 23
5 9
5 3
5 7
5 7
5 4
4 4
5 6
5 5
5 4
5 2
5 5
1 14
5 5
5 5
5 6
5 6
5 5
5 3
4 3
5 4
4 2
5 3
5 2
5 3
5 4
5 2
5 1
5 2
5 3
5 3
5 3
5 3
4 2
5 2
5 2
5 3
5 2
5 2
5 2
5 3
5 2
5 3
5 2
5 3
5 2
5 3
5 2
5 3
5 3
1 7
5 2
5 3
5 5
3 1
5 4
5 3
5 5
5 1
5 4
3 5
5 5
5 6
5 5
5 6
5 6
5 4
5 5
1 34
5 5
5 1
4 7
5 6
5 5
1 28
5 4
5 6
5 6
5 4
1 18
5 7
5 3
5 5
5 5
5 5
5 7
5 5
5 5
5 4
5 6
5 9
5 5
5 9
5 2
4 4
5 4
5 6
5 3
5 2
5 4
5 3
5 3
5 4
5 4
5 6
5 5
5 4
5 5
5 4
5 7
1 6
5 4
5 11
5 9
5 8
5 6
5 9
5 7
5 8
5 6
5 5
5 5
5 8
5 2
3 11
5 6
4 5
5 5
5 8
5 7
5 8
5 20
5 17
1 6
1 6
5 45
1 15
5 38
5 46
5 41
5 25
5 9
5 29
5 49
5 40
5 41
5 39
5 26
5 19
5 18
5 15
5 17
5 19
5 19
1 3
4 14
5 6
5 9
5 12
5 6
5 9
5 8
5 0
5 7
5 6
5 3
5 4
5 2
5 8
5 5
5 7
5 8
5 4
5 3
5 5
5 6
5 5
5 2
5 3
5 2
5 2
5 3
5 2
1 11
5 2
5 2
1 16
5 1
5 1
5 1
5 2
5 1
5 1
5 1
5 2
5 1
5 1
5 1
1 6
5 1
5 1
5 0
5 0
5 0
5 1
5 0
5 2
5 2
4 2
1 5
5 1
5 0
5 1
5 1
5 1
5 1
5 3
5 1
5 1
1 4
5 3
5 2
5 0
5 1
5 1
5 0
5 0
1 6
5 2
5 1
5 1
5 1
5 1
5 0
5 3
5 0
5 1
5 1
5 0
5 1
5 1
5 1
5 0
5 0
5 1
5 0
5 0
5 0
5 0
5 11
5 13
5 14
5 14
5 12
5 7
5 52
5 31
5 53
5 33
5 34
5 101
5 98
5 124
5 92
1 21
5 45
5 54
5 60
5 51
5 53
5 50
5 55
5 48
5 62
5 64
5 61
5 53
5 68
5 74
5 68
5 68
5 95
5 76
5 65
5 91
5 80
5 55
5 54
5 64
5 63
5 74
5 64
1 26
5 50
5 64
5 82
5 114
5 69
5 67
5 71
5 65
5 78
5 75
5 82
5 82
5 93
5 228
5 51
5 84
5 92
5 83
5 57
5 76
5 73
5 65
5 55
5 57
5 63
5 56
5 52
5 52
2 7
5 53
5 48
5 52
5 39
5 38
5 47
5 43
5 43
5 55
5 38
5 31
5 38
5 44
5 36
5 51
5 45
5 45
5 32
5 37
5 36
5 35
5 36
5 30
5 36
5 36
5 34
5 30
5 31
1 18
5 42
5 29
1 13
5 35
2 9
5 28
1 14
5 23
5 14
5 29
5 18
5 20
5 26
5 18
5 15
5 22
5 18
5 23
5 16
5 22
5 25
5 27
5 21
5 16
5 15
5 16
5 17
5 15
5 15
3 15
5 15
5 16
5 15
5 17
5 15
2 1
5 16
5 17
5 5
5 17
5 16
5 15
5 14
5 15
5 18
4 3
5 12
5 14
5 15
5 5
5 16
4 16
5 21
5 14
4 14
5 12
5 11
3 1
5 12
5 13
5 12
5 14
5 14
5 14
5 14
5 12
5 12
5 14
5 12
5 13
5 13
5 13
5 11
5 13
5 12
5 13
5 14
5 13
5 14
5 11
5 13
5 13
5 13
5 13
5 14
5 14
5 12
5 15
4 12
5 16
5 13
4 19
5 14
5 14
5 13
5 15
5 12
4 15
5 13
5 12
4 15
5 13
1 14
5 13
4 17
5 16
5 11
5 13
5 11
4 14
5 12
5 9
4 14
5 14
5 10
5 13
5 12
5 9
5 12
1 10
5 10
5 13
5 11
5 10
5 10
5 12
5 12
5 13
5 14
5 9
5 10
5 13
5 12
5 12
5 11
5 10
4 11
5 10
5 9
5 12
5 13
5 12
5 9
5 12
5 13
5 12
5 11
5 11
5 11
5 13
5 10
5 13
5 8
5 9
5 8
5 8
5 12
5 7
5 7
5 8
5 8
5 9
5 9
5 10
4 9
4 11
5 8
5 8
5 9
5 10
5 7
5 8
1 10
5 8
5 9
5 8
5 9
5 9
5 9
2 4
5 7
3 4
5 9
5 10
5 9
5 7
5 7
5 9
5 7
1 15
5 8
5 6
5 6
5 8
5 9
5 8
5 9
5 8
5 9
5 9
1 13
5 6
2 6
5 8
5 10
5 6
5 8
5 10
5 11
5 10
1 13
5 8
5 10
5 11
5 10
1 20
5 8
5 9
5 8
5 11
4 15
1 14
5 10
5 12
4 6
5 10
5 12
5 12
5 14
5 7
5 9
5 11
5 9
5 8
5 11
5 10
5 8
5 8
5 9
4 7
5 11
5 8
5 9
5 10
5 7
5 8
5 9
5 7
5 8
5 7
5 13
5 13
5 10
5 12
5 14
2 13
5 9
5 8
5 13
5 11
5 10
5 11
5 10
5 8
5 10
5 9
5 8
5 11
5 9
5 9
5 9
5 9
5 8
5 9
5 7
5 9
5 9
5 9
5 8
5 8
5 10
5 9
5 8
5 7
5 8
5 8
5 10
2 11
5 6
5 9
5 24
5 12
5 7
5 8
5 9
5 8
5 10
5 10
5 10
5 11
5 10
4 7
5 12
5 11
5 10
1 6
4 3
5 11
5 9
5 9
4 8
5 8
5 8
5 9
5 9
5 173
5 8
5 9
5 8
5 10
4 8
5 11
5 46
5 11
5 10
4 5
5 10
5 9
5 10
5 11
5 12
5 8
5 6
5 7
5 10
5 6
5 5
5 7
5 5
5 6
5 6
5 12
5 5
5 6
5 6
5 7
5 6
5 5
5 6
5 5
5 5
5 6
5 7
5 8
5 6
5 4
5 5
5 7
5 8
5 4
5 4
5 4
5 4
5 5
5 4
5 4
5 5
5 5
5 5
5 4
5 4
5 6
5 5
5 1
5 7
5 5
5 4
5 5
5 6
5 5
5 6
5 7
5 7
5 5
4 7
5 6
5 4
5 7
4 6
5 8
2 7
5 7
4 6
4 5
5 3
4 5
5 4
5 8
5 5
4 5
5 4
5 3
5 5
5 5
4 5
5 6
5 6
5 5
5 5
5 5
5 3
5 6
5 6
5 5
5 4
5 7
5 5
5 5
5 6
5 4
5 6
5 7
5 6
5 6
5 7
5 6
5 4
5 5
1 9
5 4
5 4
5 4
5 6
5 5
5 4
5 5
5 3
5 7
5 5
5 4
5 3
5 3
4 4
5 4
5 4
5 4
5 5
5 6
5 4
5 4
4 6
5 6
4 5
4 5
5 4
5 5
5 7
5 3
5 5
5 4
5 4
5 3
5 8
5 5
5 5
1 5
5 4
5 5
5 4
5 4
5 4
5 4
5 4
5 4
3 3
5 5
5 3
1 19
5 5
5 5
5 6
5 6
5 4
5 5
5 5
5 6
5 6
5 8
5 6
5 11
5 10
5 10
5 7
5 5
3 10
5 7
5 8
5 9
5 10
5 18
5 6
5 6
5 7
5 5
5 7
4 9
5 10
1 6
5 6
5 6
5 7
5 6
5 8
1 12
5 9
5 9
5 4
5 5
5 8
5 10
5 11
5 8
5 8
5 9
5 11
5 5
4 3
5 5
5 12
1 10
5 5
5 6
5 7
5 12
5 5
5 9
5 8
5 5
5 4
5 12
5 7
5 6
5 11
5 5
5 10
5 11
5 11
5 6
5 8
5 11
3 4
4 5
5 12
5 5
5 8
5 7
4 4
4 7
5 2
5 6
5 5
1 12
5 2
5 3
5 2
5 3
5 4
3 4
5 2
5 3
4 3
1 20
1 14
5 5
5 6
5 5
5 4
5 6
5 5
4 5
5 6
5 8
1 13
5 5
1 13
1 22
1 17
5 18
5 11
5 7
5 11
5 14
1 13
5 10
5 8
5 9
5 9
4 5
5 9
4 7
5 11
5 11
4 6
5 7
5 6
4 4
5 6
5 5
5 10
5 9
5 11
5 6
5 9
5 12
5 11
5 5
5 5
5 10
5 11
5 11
5 9
5 8
4 4
5 7
5 8
5 8
5 4
5 7
5 8
5 7
5 9
5 18
1 13
5 8
5 8
5 9
5 9
5 9
5 7
1 32
5 5
5 11
5 3
5 10
5 7
5 6
5 8
5 10
1 10
5 11
5 10
5 8
5 6
5 9
5 6
5 5
1 53
5 5
5 10
5 10
5 5
5 5
1 28
5 7
3 10
5 11
5 10
1 26
5 8
5 9
5 7
5 9
5 14
1 24
5 12
1 32
5 11
5 10
5 9
5 11
1 24
5 9
5 9
5 10
5 10
5 9
5 11
5 9
5 10
5 12
5 10
5 11
5 9
5 8
5 9
5 9
5 9
5 10
1 33
5 7
5 6
3 13
5 8
5 5
4 7
5 5
2 8
5 6
5 6
5 6
5 5
5 5
5 5
5 6
5 5
5 3
5 8
5 5
5 3
4 6
5 6
5 6
5 5
5 7
5 10
5 7
5 5
5 5
5 9
5 4
5 6
5 4
5 4
5 5
5 5
5 5
5 5
4 6
5 4
5 5
5 6
5 7
5 8
1 14
5 7
1 12
5 5
5 3
5 6
5 6
5 7
5 6
5 6
5 5
5 5
5 6
5 5
5 8
5 6
5 7
5 5
5 6
5 5
5 7
5 6
5 6
5 9
5 5
5 6
5 6
5 6
5 7
5 4
5 6
5 6
5 6
5 8
5 5
5 5
5 7
5 5
5 4
5 5
5 4
5 4
5 4
5 5
4 4
5 5
5 5
5 5
5 5
5 5
5 5
5 6
5 5
5 5
5 3
5 5
5 7
5 4
5 6
5 4
5 4
5 3
5 5
5 5
5 6
5 7
5 5
5 6
5 3
5 5
5 6
5 5
5 4
5 5
5 7
5 5
5 5
5 7
5 7
5 5
5 5
5 5
5 7
5 4
5 6
5 4
4 9
5 5
5 5
5 7
5 5
5 6
5 6
5 6
5 6
5 4
5 6
5 5
5 6
5 7
5 6
5 10
5 9
5 6
5 6
5 8
5 7
5 7
5 7
5 10
5 6
5 8
5 5
1 14
5 7
5 9
5 7
5 6
5 6
5 10
4 7
5 6
5 7
5 5
5 93
5 8
5 5
5 9
5 10
5 8
5 8
4 10
1 15
5 8
4 5
4 7
5 11
4 13
5 14
5 14
5 12
1 12
5 7
1 22
1 57
5 5
5 6
5 14
5 7
5 11
5 7
5 6
5 7
5 9
5 12
4 7
5 9
5 7
5 6
5 6
5 6
5 8
5 8
5 8
5 5
5 87
5 6
5 7
5 13
5 6
5 7
5 5
5 10
5 7
5 7
5 9
5 5
5 6
5 7
5 10
5 6
5 7
5 5
5 8
5 10
5 7
5 7
5 6
5 7
5 7
5 7
5 8
4 7
5 7
5 7
4 9
5 7
5 9
5 12
5 5
5 6
5 7
5 7
5 7
5 8
5 8
5 8
5 10
5 7
5 6
4 12
5 6
5 7
5 9
5 6
5 4
5 9
5 7
5 6
5 9
5 6
5 7
5 6
5 7
5 9
5 16
5 8
5 5
5 7
5 10
5 6
5 7
1 17
5 7
5 7
5 8
5 6
5 7
5 6
5 8
5 8
5 7
5 9
1 13
5 9
5 5
4 7
2 12
5 10
5 8
5 7
5 7
5 7
5 6
4 8
5 9
5 7
1 25
5 7
5 6
4 14
5 12
1 10
5 9
5 11
5 11
1 11
5 23
5 12
5 13
5 10
5 33
1 22
4 6
1 37
1 37
5 37
1 43
5 30
