4 1
3 4
5 3
5 3
4 0
4 0
4 1
5 0
5 1
4 1
2 5
2 7
2 6
5 1
5 1
5 0
5 1
5 3
5 2
5 0
5 0
5 0
5 0
5 0
5 0
1 11
4 1
5 2
5 0
4 0
5 0
5 1
5 0
4 0
5 0
5 0
5 1
5 1
5 2
3 1
1 6
4 0
4 0
1 6
3 1
3 5
3 24
5 0
2 3
5 2
5 0
5 0
5 1
4 0
5 0
5 0
5 0
5 2
1 2
5 1
5 1
5 0
5 1
5 2
1 4
5 0
5 3
5 0
5 2
1 5
4 0
5 0
5 0
5 2
5 0
5 0
5 1
5 0
5 0
5 0
5 0
5 0
5 0
5 0
4 0
5 0
5 0
2 3
4 0
1 1
5 1
4 0
4 0
5 0
5 1
5 0
5 0
5 1
5 0
5 0
5 1
5 0
5 0
4 0
5 1
1 3
5 0
1 2
5 0
5 0
5 0
2 2
5 1
4 0
3 0
5 0
4 0
5 0
5 0
5 0
1 0
5 0
5 0
5 0
4 0
5 0
2 2
5 0
5 2
5 0
5 0
5 0
5 0
5 1
5 0
1 3
5 0
5 0
5 0
1 1
5 0
2 2
5 0
5 3
5 0
5 0
5 0
1 2
5 0
5 0
5 0
5 0
5 1
5 1
5 0
4 1
5 0
4 0
5 1
5 1
5 0
5 1
4 0
5 0
1 3
5 0
5 0
5 0
5 1
5 0
5 0
5 0
1 9
5 0
5 0
5 0
5 0
5 0
5 0
5 1
5 0
5 0
4 0
4 0
5 0
5 0
5 1
5 1
5 1
5 2
4 0
4 1
5 2
4 1
5 0
5 3
4 2
5 0
5 2
3 0
3 0
5 0
2 1
1 3
5 1
5 1
5 0
5 0
5 0
5 0
5 0
5 0
5 0
4 0
5 0
5 0
5 0
4 1
2 0
5 0
5 0
4 1
1 3
5 0
5 0
5 2
5 0
1 4
5 0
5 0
4 0
5 0
3 0
5 0
5 1
5 0
5 1
4 0
5 1
5 0
1 2
1 1
1 4
5 1
5 0
5 1
5 0
5 0
2 1
4 0
5 0
4 0
5 0
5 0
5 1
5 0
5 0
4 0
5 0
5 0
5 0
5 0
5 1
5 0
3 1
5 2
5 1
5 0
5 2
5 0
5 0
5 0
3 0
5 0
5 0
4 1
5 2
5 0
5 0
5 0
4 0
5 0
5 4
5 0
5 0
5 0
5 0
4 0
5 1
5 0
5 0
4 0
5 0
5 0
5 0
5 0
5 0
5 0
5 0
5 0
5 0
5 0
5 0
5 0
5 0
5 0
5 0
4 0
4 0
4 0
5 0
5 0
5 0
5 0
5 0
5 3
5 1
5 0
5 0
5 0
5 0
3 0
5 0
5 0
3 0
5 0
5 0
5 0
5 0
5 0
5 0
5 3
4 0
4 0
5 0
5 0
5 0
3 1
5 0
5 0
5 0
5 0
5 0
5 3
5 0
5 0
5 0
5 0
5 0
4 0
5 0
5 0
5 3
5 1
5 0
3 1
5 1
5 0
5 2
4 0
5 2
5 0
5 0
5 1
5 0
5 0
5 0
4 1
5 0
2 1
2 1
5 1
5 4
1 0
1 2
4 0
4 0
3 0
5 0
4 2
2 2
2 2
5 0
5 2
5 0
3 0
4 2
5 1
5 0
5 10
5 0
5 0
5 1
5 0
5 0
5 0
1 0
5 1
5 0
4 4
5 0
5 0
5 0
5 0
5 0
5 0
5 0
5 0
4 4
5 1
5 3
2 0
5 0
5 0
5 0
5 0
4 11
5 0
5 0
5 0
1 1
5 0
5 5
5 0
5 0
4 0
4 0
5 0
5 0
5 1
5 0
5 0
5 0
4 0
4 0
5 0
5 0
2 1
4 1
5 4
5 1
5 0
2 1
5 15
5 2
5 0
5 3
1 3
5 0
2 2
5 0
4 0
4 0
5 0
5 0
5 0
5 2
5 1
4 1
5 1
5 0
5 0
5 0
4 1
5 0
5 0
4 12
5 0
5 1
5 0
3 2
5 0
5 1
5 0
4 0
5 0
5 0
5 0
4 3
5 0
4 0
4 0
4 0
4 0
4 0
4 0
1 0
4 1
4 0
5 1
5 0
4 2
5 0
5 0
5 1
4 9
3 18
5 0
4 20
5 0
5 0
5 1
5 1
5 0
5 2
5 1
4 1
5 1
4 0
5 0
4 1
5 5
5 152
5 32
5 2
5 0
3 0
4 0
4 3
4 0
3 0
2 2
5 2
5 0
5 0
5 1
5 0
5 0
5 0
2 0
4 0
5 2
4 0
1 2
2 2
5 0
5 0
5 0
3 1
5 1
5 1
5 6
5 1
1 2
5 1
1 2
5 7
5 2
5 0
5 0
5 1
5 1
1 17
5 0
5 0
5 1
4 4
4 0
1 2
5 2
5 0
5 0
2 3
5 0
5 0
4 0
5 1
5 1
5 0
4 0
4 1
1 2
5 0
5 20
5 1
5 0
2 5
4 2
4 0
5 2
5 0
3 1
5 0
5 0
5 0
4 0
5 0
5 0
3 0
5 0
5 0
5 0
1 9
