5 1
4 1
5 6
5 1
5 0
5 0
3 2
5 3
5 0
5 0
5 3
5 3
4 1
4 0
5 2
3 4
5 2
5 0
5 2
5 1
5 1
5 3
4 2
5 1
5 4
5 3
4 2
5 3
5 5
5 1
5 2
5 4
5 8
5 7
5 3
5 1
5 2
4 2
5 0
5 1
5 0
5 4
2 2
5 4
5 1
5 2
5 3
4 1
5 3
5 1
5 0
3 12
5 1
5 2
5 1
5 1
5 1
4 1
4 0
4 0
5 0
5 0
5 2
5 1
5 1
5 0
5 3
5 1
5 0
4 0
4 1
5 1
4 0
5 2
5 1
5 3
1 12
5 3
5 5
5 1
5 2
4 1
5 2
5 1
4 1
5 1
4 0
5 0
4 0
5 2
5 3
5 3
5 5
5 4
5 1
5 1
5 1
5 2
5 249
5 3
5 2
5 2
5 8
5 1
5 1
5 1
5 2
5 2
5 1
5 2
5 1
5 2
5 5
5 1
5 1
5 1
5 1
2 3
3 4
5 1
5 1
5 1
4 1
5 2
5 2
5 0
5 0
5 0
4 0
4 1
4 0
1 5
5 1
4 0
4 1
5 1
5 0
5 0
5 1
5 1
5 1
5 1
4 1
5 1
5 0
5 1
5 2
5 1
4 1
5 0
4 1
4 0
5 0
3 0
4 0
4 0
4 0
4 0
4 0
4 0
4 0
4 0
4 0
4 1
3 5
4 1
4 0
5 0
4 0
4 0
5 1
4 0
5 0
5 0
5 0
4 2
5 2
4 1
5 0
4 0
4 0
5 0
1 7
5 1
5 4
2 9
5 0
5 1
5 0
4 1
5 1
5 0
5 2
5 0
3 5
5 1
5 0
5 0
4 0
1 8
5 0
5 0
4 0
5 0
1 10
5 1
5 0
5 1
5 2
4 1
4 1
5 1
5 2
5 1
5 0
5 1
4 0
5 1
5 2
4 0
4 2
5 0
1 8
5 1
5 0
5 1
5 3
5 0
5 0
4 3
5 1
3 5
5 1
4 0
1 66
4 4
1 6
4 0
5 1
5 1
5 0
5 0
2 3
5 3
4 2
5 0
4 0
5 2
3 0
5 1
5 1
5 0
5 2
5 0
5 1
5 6
5 0
5 2
5 1
5 0
4 1
5 1
5 0
5 1
4 0
5 1
5 0
4 1
5 1
5 0
5 2
5 1
5 0
5 3
4 0
5 0
5 0
5 3
5 4
1 5
5 1
5 1
5 0
5 0
1 3
3 1
5 3
5 0
3 0
5 0
5 0
5 1
5 1
5 1
5 0
5 2
4 1
5 0
5 1
5 0
5 1
5 0
5 0
4 0
4 0
5 38
5 1
5 1
5 0
5 0
5 0
4 2
4 2
5 3
4 0
5 0
4 2
3 0
4 1
4 0
5 0
5 0
5 0
5 0
2 5
5 0
5 0
5 1
5 1
5 4
4 0
5 0
5 8
3 7
3 1
4 1
4 1
5 0
5 0
4 0
5 2
5 1
5 337
5 1
5 1
1 8
5 3
5 1
5 1
4 1
5 2
5 1
4 1
5 2
5 2
1 5
5 2
3 1
5 1
5 1
5 1
5 2
5 0
5 0
5 0
5 0
5 0
5 3
5 1
5 1
4 1
5 0
4 0
5 0
5 0
5 0
5 1
5 1
5 0
4 0
5 0
5 1
5 1
5 1
4 1
4 8
4 0
4 0
5 0
5 1
5 0
5 0
5 1
5 0
5 2
5 1
5 1
5 6
5 1
5 7
4 0
5 1
5 1
5 0
5 0
5 0
5 0
5 0
4 0
5 0
4 1
5 2
4 1
1 4
5 1
5 0
4 0
5 3
5 0
5 2
4 0
5 0
5 0
5 7
5 1
5 2
5 0
5 0
5 0
5 0
2 11
2 5
5 0
5 2
5 0
5 5
5 2
5 24
5 0
5 1
5 0
5 0
5 3
5 443
5 1
5 0
5 0
5 1
2 4
5 0
5 0
4 1
5 4
5 9
4 1
5 1
5 10
5 1
5 2
5 0
5 0
5 4
5 2
5 11
5 0
5 0
5 1
5 1
5 5
5 4
1 6
5 2
5 0
4 0
5 1
4 0
4 0
5 1
5 0
5 5
5 0
5 0
5 0
5 4
5 0
2 3
4 0
5 1
5 0
4 2
5 1
5 0
5 0
4 1
5 0
5 0
1 24
5 0
5 0
5 1
5 1
5 1
5 1
5 2
4 0
4 0
4 3
1 40
4 0
5 0
1 7
5 1
5 21
4 0
5 32
5 0
5 1
5 1
5 0
5 0
5 0
5 1
5 0
5 5
5 8
5 1
5 0
5 1
2 3
5 0
4 10
5 0
5 0
1 5
5 0
5 0
5 0
5 1
5 2
4 2
5 1
5 1
5 0
5 0
4 1
5 0
5 0
5 1
4 1
4 0
5 2
5 3
5 2
4 1
5 0
4 0
4 1
4 0
5 0
4 1
5 0
5 2
5 2
5 4
5 2
5 2
1 9
3 1
5 1
5 1
5 1
5 5
5 0
1 6
5 3
4 2
5 0
4 1
5 25
5 1
4 2
5 4
5 11
5 1
5 0
5 0
5 0
5 4
5 0
5 0
5 0
4 1
5 0
3 0
5 2
5 4
5 2
5 9
5 0
4 0
4 0
3 0
5 0
4 0
5 3
4 0
5 0
5 1
5 1
5 1
5 2
5 1
4 0
5 0
5 0
4 0
4 0
4 0
5 1
5 2
5 0
5 0
3 1
5 1
5 0
5 0
5 4
4 2
4 2
5 1
5 1
5 0
5 0
5 0
1 6
4 1
5 0
5 1
5 2
5 1
5 1
4 1
5 0
5 3
5 94
4 1
5 8
5 2
5 3
5 1
5 0
5 1
5 5
5 18
4 4
5 3
5 0
5 1
5 0
5 2
5 2
5 3
5 1
4 5
5 0
5 3
5 0
5 1
5 1
4 3
1 40
5 1
5 1
5 1
5 3
5 7
3 0
5 3
5 3
5 2
5 3
5 2
5 1
4 8
5 0
3 3
5 2
1 11
5 0
5 0
2 2
5 1
5 0
5 0
5 0
5 0
5 0
5 0
5 0
5 0
5 0
4 0
5 0
5 0
5 0
5 0
5 1
4 0
5 0
5 0
5 0
5 0
5 0
5 0
5 1
5 1
5 0
5 1
5 1
5 1
5 1
5 1
5 1
2 2
5 1
5 0
5 0
5 0
5 0
2 6
5 0
5 1
5 1
5 0
5 1
5 0
5 0
5 1
5 1
5 1
5 1
5 1
5 0
3 0
5 0
2 3
5 1
5 1
5 1
1 15
1 14
5 1
5 1
5 1
5 2
5 1
5 0
5 0
5 0
4 0
5 0
5 4
5 1
5 1
5 1
5 0
5 0
5 1
5 0
5 1
5 1
5 1
5 1
5 1
5 1
5 1
4 1
5 1
5 0
