5 2
4 5
4 1
1 19
3 1
1 18
4 3
1 12
5 9
4 8
5 510
1 21
1 23
5 0
5 6
4 2
5 2
1 20
5 8
5 198
5 191
5 3
5 5
5 9
5 4
4 3
5 5
2 1
5 3
5 3
5 2
4 2
5 1
5 2
5 2
4 2
5 3
5 1
4 2
1 16
1 11
5 3
5 2
1 12
2 6
3 4
5 2
1 23
3 5
4 1
5 3
1 17
1 16
5 2
2 7
1 20
2 13
5 10
5 7
2 12
4 2
4 5
5 2
5 2
4 0
2 6
5 2
1 24
1 20
1 23
4 2
5 0
4 2
2 24
5 0
5 1
5 2
5 0
5 4
5 0
5 4
5 0
3 7
2 8
1 16
2 6
1 30
1 17
3 2
5 6
5 5
4 2
5 4
1 26
5 6
1 26
5 1
1 43
5 4
1 189
1 43
5 2
4 0
5 0
3 6
4 2
1 29
1 1269
5 7
5 3
4 1
1 28
1 23
1 20
4 4
3 2
1 16
5 2
5 2
4 2
4 4
5 5
4 4
1 23
4 5
3 10
3 9
3 4
4 3
1 21
5 1
5 1
1 18
1 44
5 1
1 12
4 0
3 4
2 8
5 4
2 37
2 15
1 21
4 3
3 25
1 10
1 29
5 10
5 0
3 7
5 4
3 5
5 7
5 5
5 4
5 1
2 0
3 10
5 1
3 1
5 3
4 0
5 0
5 3
1 16
2 19
5 0
4 0
1 16
5 2
3 6
2 27
3 17
5 0
3 4
1 30
1 17
4 2
1 17
3 8
1 29
4 4
2 11
3 9
5 7
4 1
5 0
5 2
5 0
5 1
3 1
4 0
4 0
5 0
4 1
1 18
4 0
5 2
4 3
4 2
1 16
5 15
4 1
5 2
2 3
3 2
5 3
1 17
5 3
4 4
3 1319
4 4
3 4
2 14
5 2
5 11
2 43
3 5
5 7
5 8
5 0
5 2
2 14
3 11
5 11
1 12
1 19
3 6
5 20
5 4
3 5
3 9
2 5
5 1
5 1
1 20
5 11
5 20
4 2
3 5
4 3
5 1
1 23
5 20
5 18
3 3
1 30
5 1
1 16
5 20
5 27
3 12
5 2
5 53
5 27
5 22
5 1
5 0
1 14
5 34
3 6
4 1
5 32
5 47
5 49
5 60
1 20
5 1
5 63
1 15
3 28
1 15
1 16
5 1
5 1
1 16
5 50
5 53
1 17
5 0
1 18
1 21
5 5
1 21
1 20
5 17
5 4
5 5
4 1
5 1
5 1
1 274
5 0
4 2
1 24
4 6
1 20
5 9
5 0
5 3
3 8
5 3
2 12
2 12
5 2
4 2
5 103
1 28
5 110
5 81
5 1
5 63
2 11
5 896
5 106
5 1
4 2
4 3
5 1
3 13
1 111
2 8
5 1
5 1
5 4
1 33
2 6
5 85
5 0
5 118
2 9
3 3
5 2
3 5
1 14
5 0
5 1
4 0
5 99
5 115
5 0
1 22
1 22
5 3
5 112
5 156
1 10
1 12
5 124
5 1
2 3
1 13
4 1
2 1
5 0
5 114
5 0
5 1
5 1
5 1
5 0
4 1
1 9
3 1
1 25
5 2
3 11
5 0
5 3
3 3
5 0
4 0
5 4
1 13
1 8
1 21
5 1
5 4
5 0
5 3
5 86
1 19
5 2
5 0
3 2
1 29
5 114
5 0
1 9
3 1
1 11
2 3
5 0
3 4
4 3
5 9
4 1
4 0
5 0
4 0
5 182
2 21
1 22
4 0
5 1
5 6
5 0
1 10
5 109
2 6
5 110
1 33
5 1
5 1
5 27
3 1
5 0
5 1
5 0
5 406
5 10
2 22
3 1
3 1
3 0
4 1
3 1
4 0
5 0
3 0
3 0
4 0
3 0
5 0
5 94
4 0
5 1
1 12
5 1
5 2
5 5
5 2
5 5
4 1
1 17
5 0
2 4
1 7
3 5
2 4
5 12
5 0
2 2
2 6
1 7
1 9
1 9
5 1
5 2
3 7
5 2
5 10
5 1
5 0
3 15
4 1
1 19
1 14
5 164
5 1
1 11
2 12
4 0
5 0
4 0
4 0
4 0
4 0
1 40
5 189
3 21
4 2
5 0
2 4
1 7
5 0
2 2
5 0
5 0
5 2
4 2
3 16
5 742
4 0
3 2
4 3
5 831
5 1
5 0
2 26
5 3
4 0
1 25
3 0
3 1
5 0
1 13
5 2
3 5
5 1
5 0
5 0
5 0
5 0
4 3
3 7
2 7
5 343
4 3
5 3
2 11
5 0
5 0
4 0
3 1
3 0
4 0
3 0
4 0
4 0
4 0
3 0
1 15
5 0
4 2
2 15
5 0
5 1
1 44
4 1
5 458
1 24
1 7
3 3
4 1
1 22
5 1
1 9
5 3
5 1
1 8
5 0
5 155
5 348
5 0
1 7
5 0
1 12
1 8
1 10
1 8
3 89
4 0
3 0
5 0
3 2
5 1
5 0
5 632
1 7
1 6
2 1
4 1
3 0
5 0
5 1
4 0
5 114
1 18
4 2
4 0
3 6
4 1
5 0
3 0
5 0
4 0
3 0
4 0
4 0
4 0
4 0
4 0
4 0
5 0
3 2
5 1
5 1
5 106
5 4
3 5
4 0
2 7
1 9
3 6
3 5
3 0
1 25
5 3
4 3
2 1
4 5
3 1
4 0
3 0
5 1
4 2
5 5
4 0
4 0
4 0
3 1
5 0
5 0
5 0
5 0
4 0
5 1
3 1
1 7
5 1
5 1
3 0
4 0
1 7
3 0
5 1
5 8
2 7
5 0
3 6
5 0
3 5
5 5
1 8
4 0
4 0
3 2
5 0
5 0
5 1
5 0
1 19
5 1
5 1
5 0
1 17
5 2
1 13
2 7
5 2
2 9
2 2
1 5
4 2
5 4
5 33
4 1
5 3
5 2
5 718
1 21
2 4
5 771
1 7
1 9
4 5
4 4
1 8
5 6
5 4
3 3
1 8
1 4
5 8
5 9
5 0
1 5
5 127
5 124
1 37
4 2
4 6
1 7
1 75
1 11
1 3
5 25
5 1022
5 10
1 7
5 5
2 0
4 2
5 1
4 1
5 2
2 2
2 1
2 2
1 10
4 2
3 0
3 0
4 2
1 6
4 6
5 1
5 2
1 9
5 1
1 24
3 0
3 0
4 2
3 1
5 10
5 0
4 1
1 9
2 5
2 1
2 2
4 1
5 0
3 4
1 9
4 1
4 1
1 7
4 0
4 0
4 5
2 48
2 6
5 0
1 11
1 6
2 2
5 13
1 6
2 14
5 1
5 0
2 1
1 7
5 1
5 2
5 0
4 2
4 1
2 2
4 6
4 0
5 0
4 3
5 0
4 0
5 1
4 0
5 0
2 0
3 0
4 0
5 0
4 0
5 0
4 3
4 4
1 26
5 7
5 3
5 4
1 6
5 6
5 1
4 2
5 1
5 32
5 8
5 36
4 2
5 8
5 4
3 2
4 4
5 1
5 0
5 7
2 2
5 3
4 9
2 1
4 5
5 0
2 9
3 3
4 1
3 13
3 1
3 0
1 5
2 26
5 10
1 6
4 0
4 0
3 0
2 3
1 6
4 1
5 9
5 4
2 4
1 10
4 3
2 3
5 3
5 2
5 3
3 5
5 0
3 1
1 17
1 8
4 4
5 6
4 0
3 1
4 3
3 1
1 22
2 2
5 0
5 2
4 1
5 1
5 1
4 1
5 0
3 7
3 7
1 9
5 1
4 23
4 1
1 12
4 2
4 3
4 0
4 2
1 30
4 0
5 2
3 2
5 0
5 1
4 1
2 12
4 1
4 0
4 0
3 1
4 0
3 1
2 1
4 0
5 0
2 2
4 5
4 0
4 0
4 2
5 2
3 2
5 2
5 0
5 0
5 0
5 0
3 0
4 0
3 0
5 0
5 1
3 1
4 0
2 0
4 1
5 18
5 0
5 2
2 6
5 0
5 3
2 5
5 1
3 2
5 5
1 5
3 8
1 6
3 0
4 1
5 9
5 1
2 3
4 3
1 14
1 4
3 12
2 7
2 2
4 3
5 57
5 1
4 6
3 5
3 10
4 3
4 1
5 4
5 25
5 0
3 6
4 0
5 4
3 0
5 0
5 0
4 0
5 0
4 0
5 8
4 1
2 3
1 19
4 3
1 5
4 0
5 1
5 3
5 3
2 9
5 4
5 30
5 13
4 2
4 2
3 1
5 2
1 13
4 6
2 9
3 15
5 1
5 1
5 5
2 4
5 1
5 1
1 8
5 0
1 4
4 5
5 0
5 0
4 2
2 5
5 9
1 17
1 15
4 2
5 1
5 0
5 0
5 2
1 11
1 5
5 2
4 2
5 5
2 4
1 7
4 8
5 0
5 34
4 0
3 2
3 0
5 4
5 0
5 5
4 1
5 1
4 3
5 1
4 3
5 11
5 2
5 6
5 10
1 17
5 0
2 5
1 16
4 2
5 0
3 9
2 6
5 1
3 14
5 34
1 15
5 0
5 6
4 0
2 6
1 16
2 2
5 2
5 1
3 15
2 21
4 2
1 9
5 50
5 0
4 16
3 8
3 25
3 1
4 0
5 6
5 1
3 5
5 0
5 4
2 4
4 4
5 9
1 13
5 3
4 0
3 28
4 0
5 6
3 2
5 47
5 1
3 3
5 19
5 10
3 4
4 38
4 1
5 26
5 1
3 5
5 2
5 2
5 5
5 5
4 0
5 3
5 6
2 27
5 6
5 1
1 9
5 23
3 64
3 6
5 1
4 1
3 4
5 2
3 4
3 6
1 6
2 89
1 4452
5 3
5 3
5 6
4 0
5 2
4 3
5 3
4 6
4 22
4 7
4 1
4 2
4 55
5 2
5 10
1 9
5 14
5 10
1 3
5 4
5 1
5 2
5 51
5 4
5 27
5 4
5 1
5 4
5 3
4 26
1 12
5 7
4 29
4 3
2 15
5 4
1 12
2 21
5 16
4 1
5 3
5 2
1 18
5 8
1 16
5 4
5 3
4 2
5 36
3 3
1 11
5 170
5 2
2 26
4 11
5 40
5 5
3 28
5 1
1 7
5 1
5 27
3 4
5 39
5 32
4 11
3 6
4 31
5 54
5 4
5 2
5 6
1 87
4 41
5 5
2 11
5 0
3 7
4 28
2 4
4 9
3 53
5 0
5 32
5 40
4 1
5 0
5 9
5 3
4 3
3 1
5 3
5 28
5 6
5 32
5 28
4 63
2 31
5 2
5 5
5 7
4 0
5 5
3 8
2 7
2 2
5 57
4 4
4 34
5 6
3 7
1 24
1 4
5 3
4 1
3 5
1 52
5 29
1 7
5 10
5 30
5 23
5 3
4 5
2 12
5 4
5 1
5 14
