5 0
4 1
5 2
4 2
5 0
5 2
3 4
5 0
5 0
5 3
4 0
5 1
5 2
3 0
5 1
5 1
3 0
5 1
5 0
1 33
5 1
5 2
4 3
5 4
5 0
1 11
5 1
4 0
1 6
4 2
5 0
5 5
5 1
5 2
5 1
5 2
5 2
5 1
3 0
4 2
5 0
5 14
5 6
5 2
5 4
1 16
5 1
5 1
5 0
5 2
5 10
5 1
4 0
5 4
5 2
5 0
1 15
5 1
5 0
2 3
4 1
3 3
4 3
5 0
5 3
5 0
1 7
5 2
4 0
5 2
5 0
3 11
5 0
5 0
5 18
5 2
5 1
4 4
5 2
5 1
4 0
5 0
4 3
1 91
4 0
5 2
5 1
4 6
5 4
5 3
5 5
5 1
5 1
4 2
4 3
5 13
2 2
1 20
4 3
5 2
5 3
5 6
4 3
5 3
5 4
5 3
2 8
5 9
5 3
4 11
5 7
5 5
4 23
5 2
1 71
5 7
1 19
5 4
4 11
5 1
5 8
3 17
5 3
5 1
5 3
5 2
3 15
5 1
1 12
5 3
5 1
1 28
5 0
5 3
5 1
1 248
5 1
5 2
4 0
5 3
5 4
1 10
2 9
5 1
3 7
5 0
5 3
5 2
5 6
5 4
5 3
2 9
5 2
5 2
4 14
5 1
2 2
5 0
5 0
4 0
5 0
4 2
4 0
2 74
5 1
4 0
5 1
5 3
5 1
2 5
5 1
2 41
5 37
5 1
5 2
5 4
5 3
5 5
1 5
5 5
4 1
5 3
5 8
5 3
5 3
1 111
1 24
4 6
5 4
5 1
1 4
3 4
5 1
2 1
5 8
5 0
5 3
2 3
4 0
1 9
4 1
1 16
5 0
5 1
5 4
5 2
5 2
1 13
5 6
5 1
5 4
5 5
5 5
5 4
5 4
5 2
5 3
5 2
1 11
5 4
1 2
2 2
5 3
5 3
5 1
1 18
5 4
3 6
5 4
5 1
5 7
5 2
5 3
5 3
5 2
4 1
5 2
5 9
5 2
1 8
5 4
5 3
4 7
4 2
1 26
5 1
5 1
5 4
4 6
5 5
4 5
5 2
5 3
3 3
4 0
5 1
4 1
4 1
5 1
5 2
5 2
5 6
5 1
2 9
5 1
5 2
5 2
5 2
1 21
4 1
4 1
5 4
2 78
4 1
3 14
3 5
5 1
5 2
4 2
4 3
1 2
4 2
5 0
5 0
5 2
5 0
5 0
5 1
1 10
1 6
5 0
5 4
5 0
5 1
5 0
1 9
5 2
5 1
1 11
1 32
5 1
5 1
5 1
5 5
5 0
5 4
5 2
5 2
1 6
5 1
5 1
4 2
5 5
5 1
3 7
5 0
1 13
5 1
4 1
5 0
5 1
5 5
5 4
1 13
4 3
5 2
5 0
5 7
4 0
5 2
5 3
1 17
5 1
5 4
5 0
5 21
1 11
5 2
5 0
5 1
4 5
5 0
5 1
5 16
5 2
4 1
5 3
5 0
4 5
5 2
4 3
5 6
1 64
5 5
5 0
5 1
5 2
5 5
5 0
5 5
5 2
5 0
5 0
5 1
1 13
5 0
5 0
5 0
4 4
5 25
5 3
4 4
5 2
1 21
5 0
5 2
5 0
5 2
5 0
5 0
1 3
5 5
5 1
5 0
5 0
5 2
5 0
5 0
5 0
5 5
5 0
5 6
4 5
5 4
5 0
2 10
4 0
5 6
1 13
5 6
5 4
5 1
5 2
5 0
5 11
1 53
3 8
2 47
5 2
5 2
1 12
5 1
5 3
2 21
5 4
5 2
5 2
5 25
5 1
5 9
5 0
5 1
5 0
5 3
1 16
1 2
5 0
5 3
1 27
5 2
5 2
5 1
5 0
1 5
5 4
1 14
2 21
4 4
5 3
5 14
4 0
4 3
5 1
5 3
5 5
4 11
5 2
3 70
1 9
3 3
5 2
5 1
3 1
5 2
4 3
5 4
1 6
5 0
4 1
5 1
5 0
5 0
1 2
5 0
5 4
5 2
5 0
1 12
5 0
4 65
5 0
5 1
5 0
5 1
5 1
5 8
5 2
1 12
5 2
5 0
5 0
5 7
5 3
5 0
5 0
3 5
5 3
1 17
4 7
5 0
5 0
5 4
5 2
5 4
5 0
4 10
4 1
5 0
4 2
5 12
5 3
5 1
5 6
5 3
5 5
5 2
5 0
3 2
5 1
5 0
4 1
1 6
5 1
4 305
5 5
5 2
5 2
5 0
3 849
5 3
5 0
4 0
5 1
2 6
5 1
5 671
5 2
5 5
5 13
5 4
5 1
5 2
5 14
5 0
4 0
1 5
5 8
4 0
5 7
4 0
3 0
5 0
2 7
4 8
5 1
5 5
1 12
5 4
5 6
5 23
5 26
5 3
5 9
5 2
5 5
5 3
5 4
1 223
5 2
5 13
5 4
1 10
1 15
4 1
4 0
4 1
5 101
5 8
3 23
5 0
5 5
5 3
5 31
5 1
5 3
5 6
5 2
5 55
4 13
1 10
2 4
5 3
1 18
1 351
5 2
4 8
5 3
2 34
5 5
5 3
5 4
5 4
5 53
5 3
5 5
5 8
5 4
5 3
5 25
5 41
5 1
5 1
5 11
5 1
4 3
4 1
5 2
5 1
5 1
5 1
5 5
5 42
5 2
5 4
5 9
5 31
5 2
2 14
5 1
5 9
5 4
5 0
5 10
4 0
5 10
5 8
5 5
5 1
3 4
4 1
5 2
5 0
5 8
