3 6
4 1
5 5
5 10
5 25
4 10
1 25
5 9
5 11
5 6
5 17
5 14
5 16
5 27
5 30
1 23
5 70
5 123
5 3179
5 20
4 8
3 17
4 14
3 7
5 18
5 15
5 11
5 32
3 10
2 10
5 15
5 8
5 15
5 12
3 11
4 6
5 19
4 7
5 9
5 12
5 18
5 9
4 6
5 8
4 9
5 19
1 16
5 14
2 23
5 17
5 14
2 16
5 7
3 24
3 7
5 23
1 20
1 22
2 30
1 26
4 4
5 14
2 27
2 16
5 7
3 5
4 9
5 14
5 10
4 7
2 16
5 5
4 2
4 6
5 6
1 17
1 29
5 4
3 3
1 26
1 21
3 21
5 6
5 5
5 7
5 4
5 9
4 4
2 15
4 7
4 13
5 7
5 11
5 7
5 2
4 21
3 5
3 6
5 11
1 702
5 2
5 4
5 5
5 4
4 2
5 5
5 6
5 7
1 70
4 13
5 10
4 18
5 9
3 15
5 8
1 38
5 24
5 20
5 7
2 19
4 2
5 3
3 6
5 1
5 8
5 76
4 1
5 0
1 17
2 16
5 2
5 3
1 6
4 6
1 8
5 3
2 41
1 16
1 15
5 10
3 9
5 6
4 3
5 9
3 3
5 5
5 3
1 176
5 12
5 7
3 6
5 18
5 16
5 9
2 15
5 21
2 18
1 19
5 5
4 3
2 6
5 6
2 18
4 15
1 10
5 16
5 6
1 10
5 3
4 4
4 2
5 2
5 5
5 6
3 4
5 8
1 13
5 4
4 5
4 4
5 3
5 7
5 6
4 2
5 16
3 15
5 28
5 24
5 11
1 14
5 17
5 7
1 25
4 8
5 11
5 6
1 78
3 9
3 6
5 10
3 11
1 30
5 6
2 7
4 8
5 11
2 20
5 18
1 20
5 6
4 1
5 3
5 4
5 6
5 3
3 3
3 20
4 7
3 4
2 14
1 17
1 34
5 9
1 23
4 9
3 6
2 10
3 1
5 3
5 4
5 2
2 13
5 9
4 13
3 14
3 11
4 4
5 10
5 2
5 9
5 4
4 3
5 21
5 8
5 6
5 12
5 3
5 35
4 6
5 9
5 5
5 9
3 2
2 23
5 1
5 11
5 2
2 12
4 4
5 3
4 12
5 5
4 4
5 2
5 15
5 3
5 0
5 2
5 5
5 1
5 2
4 0
5 4
2 14
5 2
5 5
5 3
3 9
5 5
5 5
5 0
2 7
5 3
2 53
3 4
5 1
5 4
1 19
5 3
5 5
5 2
4 3
5 9
5 2
2 14
1 23
5 1
2 14
5 3
5 4
1 19
5 19
1 15
5 15
2 11
4 6
1 63
5 8
5 6
4 20
5 10
5 1
5 1
4 0
4 6
3 1
1 25
5 8
4 8
5 5
1 23
5 2
3 22
1 17
5 2
5 11
2 63
4 3
5 1
3 8
2 6
2 0
5 2
1 2
1 10
5 11
2 19
4 1
4 0
5 2
5 0
5 9
5 14
2 21
5 6
5 2
1 60
4 0
3 0
3 1
3 0
1 14
4 4
1 44
3 0
2 2
3 2
1 2
3 1
3 4
3 5
4 1
3 7
4 0
3 1
4 2
4 1
3 1
3 1
4 0
4 0
4 1
5 0
3 0
3 0
5 1
4 0
2 0
4 1
3 1
4 2
5 1
5 22
4 6
2 23
1 2
5 3
4 0
3 3
4 2
5 9
1 37
5 4
5 7
5 29
5 8
2 212
3 4
5 27
5 5
3 2
5 1
5 4
5 0
5 1
5 2
5 3
4 2
5 2
5 5
5 4
4 4
4 2
4 1
5 3
5 10
5 2
5 5
1 11
3 2
5 5
4 1
4 5
1 21
4 18
5 3
5 2
1 179
2 11
1 13
5 3
4 1
5 1
5 0
5 0
5 33
5 0
5 9
5 1
5 2
4 3
3 15
5 14
5 1
4 2
1 14
4 1
4 13
3 2
3 5
4 1
1 25
5 2
5 3
5 3
2 31
2 14
4 4
2 6
5 2
5 3
1 223
5 4
5 6
4 8
2 9
5 2
5 3
5 5
5 1
2 17
4 3
4 2
5 0
5 5
5 3
5 677
5 7
5 6
4 2
5 1
3 4
5 11
5 5
5 8
5 7
5 11
5 6
1 57
5 8
1 14
5 4
5 0
2 7
5 2
3 4
5 3
5 5
5 3
5 10
5 0
1 32
5 0
3 7
5 8
1 19
4 1
5 10
3 7
5 6
5 3
5 3
5 5
5 2
5 5
5 4
5 4
5 12
4 1
3 2
5 23
5 16
4 0
2 0
1 14
5 9
2 15
4 1
4 1
1 20
5 20
5 7
5 7
2 17
5 14
3 14
3 2
4 2
3 832
3 18
5 5
5 7
1 23
4 4
5 2
4 5
5 4
1 13
5 8
5 4
1 30
5 6
1 14
5 6
5 2
1 14
2 16
5 22
2 29
5 3
5 2
5 2
5 4
5 6
5 5
5 977
5 2
5 2
5 1
5 4
5 1
5 39
4 4
5 2
5 3
2 12
5 3
5 5
5 18
5 9
5 7
1 30
5 10
1 60
5 4
1 19
5 17
5 3
1 93
5 1
2 19
2 17
5 11
5 8
3 2
5 5
2 17
5 12
5 8
5 1
1 16
2 15
5 9
5 4
5 11
3 7
5 17
5 7
5 5
3 2
2 19
2 2
5 12
4 39
2 6
5 17
5 6
5 6
1 12
5 22
5 8
5 23
5 15
1 8
5 17
5 17
5 11
5 15
4 5
4 1
2 17
5 7
5 5
1 11
5 3
2 13
5 12
5 3
5 11
1 15
1 15
5 9
5 11
5 22
5 3
5 3
5 7
3 1
1 17
5 4
5 5
5 9
4 10
5 8
3 6
4 0
5 2
5 20
5 23
3 0
5 12
5 10
5 34
5 13
5 3
1 10
5 9
5 5
4 1
5 3
5 1
4 1
5 16
1 11
1 12
5 3
4 3
5 7
4 2
4 0
1 6
5 3
1 3
1 7
4 0
5 2
4 0
5 3
5 2
2 2
5 1
5 13
5 1
4 0
1 10
4 0
4 1
5 4
4 1
5 6
5 2
5 0
4 1
5 6
4 1
4 4
2 15
4 1
5 2
3 4
5 4
4 0
1 17
3 0
2 2
5 2
5 3
2 20
5 2
5 4
5 1
5 3
5 1
5 4
2 2
4 4
