3 1
5 4
5 3
5 11
5 0
5 2
5 7
5 5
4 0
4 0
5 0
4 0
5 2
5 2
5 4
5 6
5 0
5 0
5 2
4 0
5 0
5 1
4 2
5 2
4 1
4 2
5 1
5 4
5 4
5 8
5 1
4 3
5 2
4 1
5 3
5 5
5 2
5 11
5 0
5 2
5 0
5 0
5 1
5 0
4 0
5 0
5 2
5 1
3 1
5 0
5 1
4 1
5 3
5 1
5 1
5 1
4 1
5 3
5 1
4 2
5 3
5 5
5 4
5 0
5 0
4 0
5 5
5 1
5 1
5 4
5 2
5 1
5 0
5 2
2 0
5 2
4 2
5 2
5 1
3 7
4 2
5 3
4 2
5 0
5 0
5 0
5 2
4 22
5 0
5 2
4 2
5 2
5 3
5 2
4 1
5 3
5 3
5 2
3 2
5 1
5 1
5 2
5 6
5 0
5 0
5 1
5 0
5 904
5 4
5 2
4 1
5 4
5 0
5 0
5 1
5 5
4 0
5 1
5 1
5 11
5 3
5 1
4 0
5 8
4 0
5 0
5 0
4 1
3 4
4 0
4 1
4 1
5 3
5 0
1 11
5 49
5 1
5 2
5 11
5 1
5 0
5 0
5 5
1 9
5 0
2 2
5 1
5 0
4 0
5 0
5 6
5 2
2 0
5 0
2 2
4 0
5 4
5 1
5 0
5 1
4 1
5 2
5 1
5 47
5 8
5 4
5 1
4 2
5 0
4 1
5 1
5 3
5 0
4 1
4 2
5 3
5 5
5 1
5 1
5 6
1 6
5 0
5 1
5 5
5 1
5 0
5 0
5 1
5 0
5 0
5 0
5 1
5 0
5 2
1 10
5 3
5 3
1 2
1 6
5 0
5 0
5 1
5 0
4 1
5 6
5 0
4 0
5 0
4 2
5 2
5 1
5 2
4 0
5 0
5 2
5 3
5 0
5 0
5 0
5 1
5 1
5 2
5 3
5 5
4 0
5 0
2 2
5 3
5 2
5 0
3 0
1 2
2 5
4 1
2 2
1 3
4 0
5 4
5 1
5 1
5 2
4 4
5 1
3 0
5 2
5 1
5 2
4 0
5 1
5 0
4 1
5 2
5 0
4 0
5 2
5 4
5 0
5 0
5 5
4 0
3 0
5 3
4 4
5 1
5 1
5 2
5 1
5 4
5 2
5 0
5 1
5 0
5 4
5 3
4 0
5 0
3 2
4 1
5 3
5 3
5 6
5 0
5 1
5 5
5 2
5 3
5 3
4 0
5 2
4 0
4 0
5 2
5 0
5 2
5 0
1 2
5 1
5 0
5 0
5 0
3 0
3 2
5 2
5 0
4 0
5 2
5 1
5 0
5 1
5 0
5 7
5 2
5 1
5 0
4 1
5 2
5 0
5 1
5 1
5 1
5 0
5 0
5 0
5 0
5 2
5 0
5 0
5 0
5 1
5 2
5 1
5 0
5 0
5 0
5 1
5 0
5 1
5 2
5 0
5 2
5 1
5 0
5 0
5 0
5 2
5 0
3 0
4 1
5 1
5 0
4 4
3 0
5 0
5 2
3 2
3 2
5 0
5 3
5 2
4 0
4 2
5 2
3 0
3 0
5 0
5 1
5 0
5 0
5 1
4 0
5 0
4 0
5 0
5 0
5 0
5 0
5 0
5 1
5 4
5 4
5 0
5 0
5 0
5 0
5 0
4 0
5 1
5 0
5 1
4 1
4 2
5 5
4 1
5 0
5 0
5 1
5 1
5 9
5 2
5 1
4 1
4 1
4 0
4 1
5 2
4 3
4 0
5 2
5 0
5 1
5 0
5 0
5 0
5 0
4 22
5 5
5 0
5 1
5 0
5 2
5 2
5 1
5 2
5 0
5 2
5 0
5 0
4 0
5 1
5 1
4 0
5 2
1 5
5 2
5 0
5 4
5 2
5 7
5 2
4 2
5 0
5 2
4 1
5 1
4 0
5 0
5 0
5 3
5 0
3 1
5 1
5 1
3 1
5 2
5 7
5 1
5 0
4 3
5 0
5 1
3 1
5 0
5 5
5 1
5 0
4 3
5 0
5 0
4 0
5 1
5 0
4 0
5 3
5 5
5 5
5 3
5 2
5 2
5 4
5 1
4 0
4 0
4 0
5 0
5 0
5 2
5 1
5 0
5 5
5 1
5 1
5 0
5 0
4 3
5 3
5 0
5 1
5 1
5 1
5 0
4 2
4 0
5 0
5 0
5 0
5 2
4 0
5 0
2 0
5 5
4 0
5 8
5 0
5 0
4 0
5 0
5 2
5 0
4 1
5 0
5 2
4 1
5 0
5 0
5 0
2 3
5 1
5 0
1 6
5 0
5 3
5 3
4 0
5 3
5 2
5 4
5 0
5 4
5 1
5 5
5 0
5 0
5 0
2 1
3 1
5 0
5 2
5 24
4 1
5 1
5 36
5 0
2 14
4 2
5 1
5 3
5 1
5 0
5 3
5 2
4 3
4 3
5 0
5 0
2 2
5 2
4 7
5 0
5 7
5 8
5 5
5 1
5 1
5 2
5 2
5 1
5 2
5 1
5 7
5 1
5 0
5 1
5 0
5 8
5 2
5 0
5 11
5 1
5 0
3 2
3 2
3 0
5 5
4 1
5 1
5 5
4 1
5 0
5 2
2 4
5 0
3 2
5 1
5 1
5 0
5 4
5 1
4 1
5 13
2 3
5 7
5 2
5 1
5 0
5 15
5 5
5 3
3 0
5 0
5 0
4 1
4 1
5 0
5 0
5 0
4 0
5 1
4 0
3 0
5 3
5 1
5 1
5 1
5 15
4 0
5 1
5 0
5 1
5 0
5 0
5 0
1 6
5 2
5 0
5 0
5 0
5 0
5 0
5 0
5 0
5 0
5 0
5 1
4 0
5 0
5 0
4 0
5 0
5 0
4 0
3 0
5 0
4 0
5 0
5 0
5 0
5 0
5 0
5 0
5 0
5 0
5 0
5 0
5 0
4 0
5 0
5 0
5 1
5 3
5 0
4 0
5 0
3 1
4 0
5 0
5 0
1 2
5 0
5 0
5 7
5 0
5 0
5 0
5 0
5 0
5 0
5 0
5 0
4 0
5 0
5 0
5 0
5 0
5 0
5 0
4 6
5 2
5 2
5 1
5 1
5 1
