5 6
1 15
5 15
5 8
5 11
4 15
3 12
5 9
4 14
5 17
5 15
5 4
4 4
5 8
5 9
5 6
5 8
4 0
1 8
5 7
5 5
1 6
4 8
5 5
4 11
1 7
5 9
3 4
5 14
5 8
5 15
5 14
5 38
5 24
5 15
5 8
3 4
4 8
1 6
4 6
4 10
5 6
5 9
1 13
5 13
5 13
1 9
5 13
5 20
4 5
5 15
5 14
1 6
5 12
5 11
5 11
5 7
4 6
5 8
3 7
5 8
5 7
5 8
5 14
4 8
4 16
3 17
3 10
4 8
4 7
4 14
1 10
4 6
5 7
5 8
4 10
1 10
5 8
5 6
5 4
5 11
5 12
5 9
1 11
3 6
2 9
5 13
5 13
4 4
5 5
5 13
5 13
5 10
1 12
5 14
5 10
5 8
5 8
2 9
4 6
3 5
5 9
5 9
3 9
2 4
1 9
4 5
4 11
1 12
1 14
4 5
1 8
5 12
5 14
4 3
5 4
5 6
5 5
5 5
5 5
5 4
5 3
5 4
3 3
1 9
1 11
1 7
4 5
5 5
1 8
5 7
2 3
5 17
1 14
5 5
5 5
5 13
5 4
1 5
5 9
5 10
1 5
5 8
5 10
5 3
5 6
5 12
5 8
5 13
4 10
1 19
5 8
5 9
5 14
2 4
1 8
5 16
1 9
4 4
5 4
1 9
1 9
1 3
5 8
4 2
5 3
4 6
1 18
4 6
5 8
1 13
5 1
5 6
5 3
5 6
1 12
5 6
5 6
3 5
1 13
5 5
5 5
5 4
4 2
5 1
5 5
5 4
5 3
1 11
5 6
5 4
5 8
1 11
1 11
5 8
1 10
5 7
1 7
3 6
4 4
5 5
5 3
4 2
5 5
5 6
5 5
5 6
1 13
5 6
5 7
3 2
5 3
5 2
3 8
1 14
1 14
5 14
1 13
5 5
4 3
1 10
5 4
1 9
5 6
1 9
5 3
5 6
5 4
1 11
5 6
1 11
1 95
1 12
4 6
4 9
5 9
1 12
1 12
5 7
5 10
5 6
1 8
5 8
1 9
5 6
1 117
5 4
3 1
5 3
4 7
5 7
4 2
4 6
4 2
4 5
4 6
5 3
1 9
4 7
4 7
5 4
1 11
1 17
5 10
5 6
3 5
5 5
5 12
5 9
5 8
5 9
5 10
5 13
5 4
1 6
5 5
5 4
1 16
1 6
1 10
1 11
5 2
1 13
5 6
5 3
5 5
1 11
1 13
4 1
3 6
2 5
3 7
5 14
1 14
5 10
4 8
2 7
5 10
1 8
4 8
5 10
3 2
1 11
5 2
1 13
1 10
5 10
4 10
5 1
5 5
5 6
1 18
3 0
5 9
1 13
1 6
5 12
5 4
5 4
1 18
5 6
5 7
1 13
5 5
2 7
5 11
1 13
5 5
4 10
2 5
5 9
5 4
1 9
1 9
1 14
5 8
5 5
5 9
5 10
1 12
1 8
1 13
5 10
5 8
1 10
1 90
1 4
4 5
3 1
2 9
1 10
5 7
5 5
4 5
5 7
4 13
5 10
1 9
1 6
5 4
5 15
5 7
5 7
5 4
5 8
1 12
1 8
5 7
1 7
5 6
1 10
5 7
1 4
5 14
1 13
1 8
4 15
5 9
5 5
5 15
1 8
3 5
5 6
5 10
1 13
2 9
1 7
1 6
5 15
1 9
4 381
1 11
1 8
1 6
4 20
3 4
5 17
5 10
1 6
1 5
5 10
1 6
1 5
1 5
5 15
5 12
5 13
1 76
1 11
4 22
5 3
5 12
1 9
5 11
5 10
4 11
5 11
5 7
4 8
1 4
5 12
5 15
1 11
4 11
5 21
5 7
5 12
1 5
1 87
5 17
1 4
5 11
2 4
5 1
1 5
4 12
1 4
4 12
5 4
5 6
5 7
5 7
5 7
5 7
5 1
4 9
5 4
5 6
4 11
1 4
5 6
5 8
5 6
5 6
5 9
5 5
1 6
1 3
5 9
5 17
5 9
1 9
5 20
1 3
5 15
5 15
4 9
5 12
5 12
5 8
1 3
5 15
5 14
5 21
5 8
4 14
4 4
1 8
5 16
1 5
5 13
5 16
1 12
5 11
5 9
4 10
5 12
5 17
1 8
5 2
1 8
5 12
5 14
5 6
5 11
1 3
5 17
5 14
5 12
5 9
5 12
1 20
1 11
5 14
5 1
2 12
5 5
3 12
1 14
5 27
5 19
5 9
5 8
5 13
5 7
5 12
5 1
5 5
5 9
4 17
4 7
5 7
3 8
5 7
5 10
2 23
5 12
5 18
4 19
5 24
5 19
1 17
5 8
5 1
1 12
5 4
5 10
1 14
5 9
5 11
5 7
5 12
1 9
5 8
1 4
5 11
5 16
5 10
5 10
1 11
1 12
1 9
5 1
3 17
2 5
5 4
5 10
5 13
5 11
4 1
5 7
5 5
1 4
5 9
5 8
5 10
5 6
5 6
5 4
5 9
5 10
2 6
5 9
5 8
5 14
1 8
5 5
4 6
5 5
1 4
2 8
5 9
5 3
4 4
5 4
5 6
5 3
5 6
5 8
4 6
2 6
1 7
5 6
5 7
5 3
5 8
4 4
4 4
4 74
4 6
5 11
5 8
4 5
5 11
1 5
4 8
4 7
5 14
5 11
5 6
5 10
4 12
1 15
5 14
4 7
1 16
5 4
5 4
5 9
4 8
1 13
5 3
4 3
5 5
3 4
1 10
5 6
5 11
1 11
5 11
5 9
5 11
1 7
1 20
4 11
1 8
1 11
5 14
3 3
5 10
4 12
5 10
2 5
1 17
5 7
1 11
5 11
5 12
1 5
5 8
5 4
2 6
5 14
5 8
5 10
4 7
5 8
1 86
5 6
5 9
4 5
1 7
2 10
1 13
1 53
1 5
4 8
1 14
1 17
1 6
5 7
5 5
1 156
5 16
4 2
5 13
4 2
5 5
1 10
5 15
4 22
4 9
1 8
1 8
5 12
4 12
1 18
5 10
5 11
5 24
5 18
1 8
1 12
1 6
4 11
5 11
1 10
5 9
3 11
5 15
4 1
4 11
5 7
5 10
4 16
5 11
5 20
1 18
1 8
4 11
5 12
1 14
5 14
5 2
5 11
5 7
1 8
4 8
5 15
1 11
5 6
5 9
1 16
5 16
1 10
5 10
1 11
5 8
1 7
2 11
1 11
5 10
1 11
1 13
4 16
5 9
4 13
4 7
1 8
1 10
1 16
5 10
5 9
1 8
2 6
1 16
5 8
5 12
5 10
1 8
1 8
5 5
1 8
5 13
1 6
5 6
1 5
5 11
4 2
1 10
4 16
2 7
5 9
1 6
5 8
5 11
5 6
5 4
5 14
5 13
1 6
3 4
1 4
1 12
1 3
5 15
5 2
4 10
5 12
1 11
1 5
5 2
5 21
5 12
5 10
5 14
4 8
3 4
5 8
5 8
5 5
1 5
5 8
1 6
5 4
1 3
2 8
3 6
4 9
1 5
1 2
1 5
5 7
5 10
5 13
5 10
5 3
5 14
1 7
1 8
1 10
5 7
5 7
5 1
1 10
4 9
1 11
5 7
5 10
5 9
5 7
5 6
5 12
3 9
5 4
4 7
5 6
1 9
1 6
5 5
5 377
3 4
1 11
4 5
1 5
5 6
5 6
2 8
2 8
1 9
2 4
1 6
1 10
5 8
5 11
4 5
5 9
5 8
5 10
5 1
1 8
5 13
4 7
5 6
1 8
5 5
4 11
1 15
5 8
4 9
1 10
5 8
5 11
4 12
4 133
2 11
5 23
5 10
5 10
5 1
5 7
4 6
1 11
5 3
1 4
4 1
5 9
5 9
1 7
5 11
5 9
5 5
1 7
5 8
4 7
1 10
1 10
4 9
5 11
2 10
5 5
5 11
4 9
5 5
5 12
1 10
5 5
1 2
5 901
5 6
1 5
1 6
5 9
5 3
5 4
4 8
1 14
1 4
1 5
4 9
1 14
1 5
4 12
5 15
5 9
1 13
5 11
4 10
1 11
5 16
4 15
5 2
5 9
5 74
1 11
5 6
5 11
5 10
5 9
5 15
1 8
3 4
3 1
4 29
3 0
3 4
3 7
5 3
1 7
5 11
5 14
5 11
4 9
5 6
1 15
3 3
5 14
1 6
1 6
5 10
5 14
5 15
1 4
5 5
4 35
1 1
4 14
5 13
5 7
5 16
1 3
1 4
5 9
5 8
3 3
4 7
5 7
5 7
1 8
4 11
1 18
5 14
3 8
1 4
4 9
5 7
3 4
1 8
5 5
5 5
5 9
3 4
1 4
5 1
3 9
5 10
5 4
1 6
5 10
3 14
5 1
1 5
5 8
5 12
5 12
4 16
3 2
1 6
1 8
5 8
1 8
5 11
2 4
3 9
5 7
5 8
5 12
4 4
3 51
1 7
4 12
5 15
5 7
5 11
5 4
5 9
5 5
1 8
5 8
5 4
4 15
1 5
1 9
5 9
5 1
1 6
1 8
5 22
4 1
1 8
1 11
1 2
2 5
5 1
5 7
3 6
2 8
1 9
4 17
1 5
5 3
5 13
5 14
5 7
5 8
1 7
1 11
5 13
5 1
5 8
5 8
5 1
5 14
5 8
5 9
5 10
5 14
5 2
5 9
4 15
1 9
5 2
1 3
5 6
5 5
5 12
5 14
5 1
4 9
3 3
1 6
5 6
5 10
2 12
5 9
5 3
5 12
5 5
5 11
1 22
4 3
1 6
1 3
5 9
5 5
1 18
5 6
4 5
4 51
1 16
5 2
1 15
5 8
4 9
1 12
5 13
4 4
3 26
1 14
1 16
1 20
5 9
1 15
1 17
1 16
1 14
5 6
5 9
4 3
5 8
5 41
5 6
4 9
5 10
1 8
5 5
5 12
5 24
5 1
5 14
5 8
5 8
5 6
1 10
4 14
5 14
5 11
5 6
5 22
1 12
1 16
5 11
3 4
1 11
5 10
1 7
5 13
5 12
1 9
4 13
1 12
2 6
1 9
5 8
5 5
5 5
5 9
3 2
1 15
1 4
5 3
5 57
5 11
5 8
5 33
3 10
1 75
1 9
1 6
5 8
4 12
5 0
5 10
5 20
4 8
2 19
1 5
5 6
3 6
3 2
5 9
5 5
5 3
4 6
4 7
4 1
4 10
1 5
5 16
1 5
2 57
5 28
1 7
1 3
5 6
4 4
5 8
5 5
1 4
5 10
1 4
1 7
1 9
5 5
5 3
4 3
5 20
4 5
5 5
1 4
5 29
5 7
5 7
4 12
5 7
4 21
5 9
5 8
5 6
5 38
5 14
1 6
1 21
1 4
5 11
2 5
4 9
1 8
2 6
5 12
1 7
1 5
5 5
3 16
5 9
5 4
4 38
1 8
1 14
2 5
5 5
2 8
5 15
1 3
5 7
1 8
1 9
5 3
1 5
1 4
4 7
4 37
2 1
5 7
5 37
3 1
1 18
4 13
1 105
5 7
5 11
5 9
1 1
5 4
5 4
1 6
3 1
3 1
5 8
1 8
5 4
4 9
1 5
1 5
5 10
5 5
1 4
1 6
5 5
5 4
5 6
1 3
1 92
4 11
5 15
1 4
5 17
1 5
5 12
5 17
4 7
1 2
5 11
5 12
5 18
5 11
5 13
1 5
5 14
5 13
5 12
1 1
2 18
5 51
1 19
1 2
1 4
5 28
1 18
1 2
5 44
1 78
5 12
5 14
5 20
5 10
5 9
5 23
4 2
1 3
5 25
2 28
5 0
5 21
5 7
1 4
5 13
4 5
5 23
5 5
5 11
1 3
1 2
1 1
5 12
5 18
5 28
5 1
5 26
4 28
5 15
1 4
1 7
5 23
1 2
4 10
5 28
5 26
1 1
1 6
1 10
5 35
4 8
1 5
5 17
1 3
1 4
5 63
5 15
4 21
5 20
2 2
2 6
5 23
5 22
5 17
5 9
5 8
5 34
5 16
5 0
5 16
5 9
5 10
4 17
5 14
5 15
5 11
5 9
5 14
5 0
4 5
5 14
1 17
5 30
5 10
5 22
5 8
4 27
5 10
5 18
5 18
3 5
5 12
5 10
5 11
5 13
4 9
5 1
5 0
5 11
5 17
5 13
1 4
5 3
5 17
5 2
1 7
4 8
5 1
5 21
4 13
5 1
4 14
4 8
1 9
5 19
5 15
1 4
5 23
5 17
5 346
1 96
5 22
1 5
1 10
1 11
4 2
5 24
5 9
3 8
5 14
5 9
1 8
5 11
4 9
5 15
3 1
1 10
5 18
1 8
1 9
1 10
1 9
5 1
5 7
5 7
1 12
5 19
5 9
5 10
5 19
5 11
4 25
1 6
4 11
5 8
4 20
5 8
5 13
5 1
5 21
3 9
5 16
5 13
5 15
5 30
4 15
4 9
5 28
5 11
5 19
1 8
5 13
5 11
5 18
1 7
5 5
1 11
3 0
5 10
5 15
5 12
1 15
5 2
5 27
5 11
1 9
5 9
1 11
5 25
1 12
5 2
4 11
5 11
5 19
5 16
5 11
5 10
5 22
1 6
5 11
5 10
1 15
4 15
5 14
5 9
5 18
5 5
5 11
5 13
4 25
5 19
1 9
5 14
5 15
5 11
5 8
5 13
5 10
5 23
5 16
5 9
5 37
1 7
1 7
4 26
5 18
3 84
1 6
5 10
1 6
5 12
5 12
1 9
2 18
3 10
5 10
5 7
2 9
1 10
5 14
3 7
5 14
5 11
1 2
5 10
1 5
5 13
1 5
5 25
5 23
1 9
4 13
1 8
1 11
1 8
5 26
5 24
1 6
4 12
4 30
5 11
5 33
5 16
5 9
1 9
5 5
1 13
5 18
5 14
5 7
5 11
1 3
1 1
5 17
5 17
5 14
1 4
5 15
1 10
2 9
1 9
5 19
5 15
5 17
5 15
1 11
1 8
5 19
1 2
2 42
5 16
5 15
5 15
1 11
5 14
5 13
1 5
5 12
1 6
3 10
1 14
5 38
5 17
5 28
1 4
1 30
5 8
5 10
5 10
5 14
5 12
3 4
5 8
5 2
3 10
5 20
5 12
5 14
4 29
5 1
5 31
5 14
5 9
1 6
5 16
5 18
5 6
4 12
5 11
5 15
5 9
5 13
5 14
5 16
4 12
5 8
5 15
5 28
4 8
5 15
5 10
5 11
5 4
3 24
5 6
4 4
5 11
5 8
5 11
5 13
5 14
5 12
5 2
5 23
5 13
4 12
3 12
5 1
5 14
5 15
5 12
5 14
5 24
5 100
5 9
4 20
1 8
5 2
1 8
1 7
5 25
5 14
5 20
1 9
5 13
5 15
1 8
5 29
1 7
5 15
4 11
1 8
5 16
1 8
5 1
5 9
1 1
5 1
4 14
1 1
1 5
1 14
1 10
5 8
5 16
5 6
5 7
5 1
5 11
5 15
1 2
5 6
5 14
5 14
5 18
1 6
5 22
1 4
3 3
1 6
5 12
5 22
5 16
4 19
1 7
5 20
5 10
5 20
5 15
5 15
2 14
4 16
5 3
5 14
5 25
5 12
5 11
4 18
1 8
1 6
1 16
1 14
3 1
4 9
5 7
5 16
5 18
5 17
5 23
1 8
1 14
5 56
5 24
5 1
1 6
1 6
3 19
4 13
5 1
5 1
5 19
4 36
3 0
5 45
5 14
1 11
5 27
4 24
1 19
5 25
5 16
5 1
1 14
5 1
2 4
5 30
5 4
5 29
5 11
1 10
5 15
5 14
1 1
4 31
1 12
5 11
2 10
5 33
5 39
5 21
5 32
1 2
5 7
5 39
5 14
5 15
5 33
1 10
5 24
1 17
5 9
1 8
1 18
4 20
5 1
5 6
5 12
5 14
5 20
1 6
5 10
5 11
5 19
5 16
2 12
5 23
2 5
5 34
1 7
5 16
1 6
5 14
5 33
1 5
5 14
5 17
5 2
5 16
5 12
5 21
5 19
5 19
5 24
5 38
5 38
5 32
4 12
5 10
1 206
1 15
5 26
4 18
5 3
5 24
5 13
5 16
5 38
1 15
5 25
5 22
4 25
1 4
5 35
5 13
5 34
5 14
5 10
1 4
1 11
5 37
5 20
2 5
4 11
5 14
5 2
1 11
5 25
5 27
5 14
1 7
1 13
5 2
1 17
5 17
5 57
5 14
1 8
5 21
5 18
5 20
1 18
5 29
4 2
5 15
3 0
5 14
5 21
1 12
5 27
5 16
5 3
1 7
5 19
5 26
1 13
5 6
5 18
5 23
1 6
1 11
4 37
5 18
5 16
5 8
5 45
5 3
1 7
5 18
5 17
1 3
4 15
5 16
1 17
2 8
1 11
5 4
5 46
5 0
5 0
5 21
5 13
5 12
3 1
5 27
5 29
4 36
5 31
5 15
1 11
5 12
4 15
5 16
1 17
1 12
1 9
1 20
1 5
5 9
5 6
1 13
5 7
5 23
1 10
4 14
5 16
5 12
1 8
5 10
5 24
5 15
2 2
5 13
5 23
5 16
5 14
5 31
5 12
5 12
1 9
5 5
1 8
5 7
5 0
5 10
5 7
5 19
1 8
5 16
1 6
5 11
5 12
1 6
3 4
5 10
1 8
3 2
5 10
5 6
5 12
5 11
1 2
5 7
3 11
5 3
5 10
5 8
5 2
2 3
5 1
4 9
5 6
5 11
5 10
5 3
5 14
5 8
1 1
5 9
5 2
3 5
1 3
1 1
5 6
5 9
5 4
5 3
2 2
5 4
5 5
1 4
5 6
1 3
5 4
1 4
5 3
1 3
5 2
1 3
5 2
4 7
5 6
5 2
5 3
5 2
5 5
1 4
5 5
4 2
5 2
4 4
5 4
5 79
5 7
5 5
5 1
5 2
4 4
1 5
5 4
5 17
5 4
5 5
5 6
4 3
5 3
4 3
5 3
5 16
5 8
4 5
5 3
5 25
5 3
5 4
5 2
5 23
5 10
5 7
5 6
5 4
5 3
5 3
5 4
5 3
5 3
1 3
5 5
1 4
5 9
5 5
5 4
4 3
4 10
5 4
1 2
5 2
5 3
5 219
5 352
5 269
5 3
5 29
5 50
1 3
1 1
5 4
5 3
1 4
1 5
1 4
5 3
5 3
5 130
5 3
1 3
2 142
5 4
5 3
3 2
1 3
5 4
5 1154
1 2
4 7
5 26
5 1
5 23
1 60
5 3
5 3
2 0
4 4
1 60
1 75
2 36
5 2
5 6
5 28
5 23
5 14
1 1
5 2
5 3
3 14
5 40
5 50
5 3
5 3
5 35
5 36
5 4
5 2
5 72
5 49
5 16
1 15
1 4
5 2
5 6
5 11
1 10
5 16
5 6
5 6
5 5
5 12
5 14
5 25
1 10
5 2
5 17
5 9
5 26
4 1
5 19
5 4
4 2
5 2
1 6
5 2
5 15
4 22
1 97
1 1
5 25
5 23
4 2
5 5
1 80
1 12
5 3
5 9
5 0
4 11
3 6
4 4
4 3
5 25
1 13
5 10
4 106
5 25
5 18
5 14
5 7
5 3
5 7
1 4
1 8
1 2
5 12
5 11
5 4
1 9
5 12
5 14
5 5
5 10
1 11
5 8
5 15
5 7
5 9
3 4
5 5
5 8
5 4
5 1
5 4
5 12
5 12
5 5
4 9
5 5
5 10
5 7
5 12
1 2
5 7
5 12
5 3
5 5
5 7
1 5
5 7
4 19
5 3
5 9
5 5
5 4
5 3
5 5
5 6
5 4
5 3
5 6
2 2
5 6
4 5
5 34
5 6
1 3
4 5
5 5
5 6
5 16
5 6
3 4
5 5
5 4
5 7
5 7
2 11
5 2
5 3
5 1
5 12
5 5
5 2
5 4
5 5
5 2
5 5
5 9
5 3
5 9
5 6
5 3
5 2
5 3
5 3
5 2
5 2
4 2
5 3
4 3
5 3
5 5
5 7
5 3
5 3
5 2
5 1
5 2
5 2
5 2
5 2
5 3
5 3
5 3
4 1
4 2
5 2
5 3
4 2
5 2
5 2
5 3
4 5
1 4
4 2
5 4
4 2
2 7
5 1
5 2
5 2
1 4
1 3
5 2
5 2
5 1
5 2
5 2
1 5
5 1
3 3
5 2
5 3
5 3
5 2
5 2
5 2
5 2
1 4
5 2
3 2
4 1
5 2
5 2
5 2
4 2
5 3
5 2
1 3
5 4
5 2
5 4
4 2
5 2
5 3
4 12
5 7
5 2
5 3
5 4
5 2
5 1
5 2
5 4
5 2
5 2
5 1
5 3
5 0
5 2
5 3
1 4
4 1
5 2
5 9
5 3
5 2
5 1
5 2
5 3
5 3
5 2
5 2
5 2
4 6
5 2
5 3
5 2
5 2
5 2
5 2
1 3
5 2
4 1
5 2
5 2
5 2
5 2
1 7
5 0
5 2
5 3
5 3
5 3
5 3
5 2
4 2
5 2
5 2
5 1
5 2
5 2
5 4
4 2
5 2
5 5
5 3
5 2
1 6
5 2
4 1
5 4
5 3
5 3
5 3
5 2
5 2
1 5
5 2
5 2
1 3
5 2
5 2
5 3
5 2
1 3
5 2
5 3
1 4
5 2
5 2
1 3
5 2
4 0
1 5
5 2
5 2
5 2
5 2
4 2
5 2
5 3
2 2
5 2
5 2
2 7
4 1
1 2
4 3
5 2
1 3
5 2
5 2
5 15
5 2
5 3
5 3
5 4
4 3
5 2
5 2
5 4
5 2
5 2
5 2
5 2
5 2
5 2
1 2
5 10
5 1
5 2
5 2
5 3
5 2
5 3
5 1
4 2
5 2
5 1
4 2
5 2
5 2
5 2
4 2
4 1
5 2
5 2
1 2
5 2
1 2
5 2
5 2
5 2
5 1
5 3
1 2
5 2
4 2
5 3
5 2
5 3
5 2
5 2
5 2
5 2
5 2
5 2
5 2
5 2
5 2
5 2
5 2
5 1
5 3
5 3
5 2
5 2
5 2
1 2
5 3
5 3
5 3
5 3
5 2
5 4
1 3
5 3
1 2
5 2
5 3
5 2
5 4
5 3
5 3
5 2
5 2
4 2
5 2
1 3
1 2
5 3
3 2
5 3
5 1
5 2
1 5
1 3
1 4
1 6
5 2
1 3
1 3
5 3
4 1
4 2
5 11
5 2
5 2
5 2
5 2
4 4
5 3
5 2
5 2
5 2
5 3
5 3
1 3
5 2
1 3
5 2
5 2
5 2
5 2
5 3
5 2
5 1
5 3
1 5
5 2
5 2
5 2
5 2
5 3
5 2
5 2
5 2
5 2
1 4
5 2
5 3
5 0
5 2
5 1
4 2
4 3
5 2
1 19
4 1
1 2
5 3
5 1
5 2
5 2
4 3
4 5
5 4
5 2
5 2
5 2
5 2
5 2
4 3
5 3
5 3
5 2
5 3
5 3
5 3
5 3
4 2
5 0
5 3
5 3
4 3
5 3
5 3
4 2
5 6
5 2
1 2
5 3
5 2
5 4
1 4
4 2
5 2
5 2
5 1
5 3
5 3
5 5
5 3
5 3
5 3
1 4
5 18
5 6
5 3
5 6
5 3
5 3
5 3
5 5
2 2
5 2
5 3
5 4
5 2
2 3
5 2
5 3
5 1
5 3
1 3
5 7
1 5
5 4
5 4
1 6
5 3
2 4
5 3
5 221
1 6
5 4
5 15
4 3
1 6
5 2
5 5
5 1
1 5
5 7
5 3
4 7
5 17
5 4
5 5
