5 1
5 2
5 4
5 6
5 3
2 11
4 5
2 9
5 5
5 5
4 5
4 3
5 1
4 3
5 4
5 12
4 1
4 3
5 0
5 0
4 1
5 0
5 5
5 2
4 1
5 4
5 6
5 3
5 1
4 2
5 2
5 2
5 2
3 0
5 2
5 1
5 4
3 2
5 2
5 6
5 3
5 3
5 5
5 1
5 4
4 1
5 5
4 5
5 7
2 24
5 7
5 3
5 3
5 4
5 1
5 0
5 1
5 1
3 4
1 18
4 9
5 1
4 3
4 1
4 3
4 1
5 1
5 7
5 1
5 6
4 5
3 5
5 7
5 3
1 19
5 5
2 9
5 2
5 5
5 2
5 4
4 4
5 1
5 4
5 4
5 2
5 2
1 15
5 4
5 4
5 8
5 11
5 1
5 3
5 3
4 1
4 3
2 23
5 0
5 1
5 3
5 2
5 0
3 2
3 157
1 21
4 2
5 0
1 31
5 3
4 2
5 4
5 2
5 11
4 6
5 3
5 3
4 1
5 2
5 2
5 1
5 0
4 2
1 25
5 1
4 3
1 44
5 2
5 3
5 6
2 13
5 2
5 13
3 4
5 2
5 3
4 2
5 6
4 2
5 0
4 3
5 2
5 2
5 1
5 4
5 1
5 0
3 9
5 0
1 16
5 1
5 12
4 2
5 1
1 11
5 5
4 3
5 3
4 1
5 1
5 1
5 1
5 1
5 1
4 2
5 5
4 1
1 27
5 6
5 2
3 3
5 1
5 4
5 3
5 2
5 2
1 23
5 6
5 2
5 6
5 0
5 19
1 25
5 7
5 12
5 8
5 3
5 4
5 2
5 3
5 2
5 1
5 1
3 64
5 3
5 2
5 18
5 3
5 2
4 2
1 17
5 3
3 5
4 21
5 5
4 5
5 5
5 3
5 3
2 11
4 1
5 1
5 3
1 35
4 4
5 2
5 1
5 1
5 10
5 1
5 1
4 1
5 2
5 2
5 3
1 17
5 3
5 4
4 0
5 5
5 3
5 0
5 1
5 4
5 2
5 2
5 3
5 4
4 2
4 3
5 1
5 1
5 0
5 3
5 1
5 1
5 0
3 6
5 1
5 745
5 2
5 3
5 0
5 4
3 12
1 27
4 1
3 3
3 2
3 6
5 2
5 2
5 1
5 0
5 5
5 1
5 3
5 1
5 1
5 1
5 0
5 1
5 1
5 0
2 1
5 0
5 1
5 0
4 13
5 12
5 1
5 1
2 18
2 13
2 15
5 1
4 4
5 3
2 32
2 12
5 3
1 12
5 3
4 3
5 5
5 3
5 13
5 3
4 2
3 1
5 0
5 0
5 0
4 0
5 0
5 2
5 0
5 9
5 4
5 0
5 3
5 0
5 0
5 1
1 20
5 10
4 1
4 4
5 13
5 3
5 1
5 4
5 0
5 0
5 0
5 3
5 76
2 13
5 7
5 0
5 0
5 3
4 1
5 9
4 3
5 26
5 1
2 9
5 4
5 2
5 18
5 2
5 0
5 1
5 4
5 1
2 18
1 30
5 5
4 2
5 0
5 8
5 4
5 2
5 17
5 1
1 16
5 4
4 2
5 0
4 0
5 2
5 4
5 1
5 1
5 2
4 0
5 1
5 3
5 1
5 2
5 1
5 4
5 7
5 0
5 1
5 2
4 1
5 1
5 2
2 12
4 4
5 1
5 2
5 1
4 1
4 3
5 2
5 1
5 3
4 1
4 2
5 2
4 5
1 24
5 8
5 3
3 23
5 1
3 1
1 39
5 3
1 7
5 9
5 2
5 3
5 6
2 24
5 4
2 59
5 1
4 15
5 4
5 8
5 2
2 8
5 2
4 1
5 0
1 15
5 3
3 7
5 0
5 0
5 4
5 4
2 14
5 3
5 5
5 1
5 4
5 1
5 1
2 11
5 3
5 0
5 1
5 0
5 4
5 1
5 0
5 1
5 4
5 1
5 1
5 2
5 6
5 4
5 0
5 0
5 1
5 6
4 1
1 21
5 5
5 5
4 0
3 1
4 0
5 1
5 0
5 2
5 0
5 0
5 0
5 1
4 1
5 0
5 2
5 0
5 1
5 1
2 18
5 6
4 6
5 0
5 1
5 0
5 1
5 2
5 13
5 0
3 52
5 1
5 0
4 1
5 4
5 6
5 0
5 0
4 0
5 0
5 1
5 2
5 5
1 55
5 4
4 1
4 1
5 0
5 1
5 1
5 4
5 0
5 11
5 0
5 0
5 3
5 4
4 3
5 8
5 0
5 3
1 31
5 5
5 3
1 31
5 0
5 0
3 11
5 0
2 16
4 910
5 17
5 6
5 6
5 0
1 20
4 15
5 5385
5 3
4 4
5 2
2 9
5 2
5 1
5 3
5 1
5 1
1 18
4 47
5 0
5 7
5 6
5 2
1 58
5 2
5 1
5 3
4 1
5 3
5 7
4 1
5 2
5 2
5 1
5 1
5 2
5 4
5 1
5 0
5 4
4 63
5 38
5 7
4 150
3 24
5 10
4 2
5 2
5 5
1 36
4 2
5 1
4 1
5 15
4 0
4 5
4 18
5 3
4 2
5 38
5 3
5 0
5 1
5 0
4 0
5 0
5 4
5 2
5 0
4 0
4 1
5 25
5 5
2 20
5 2
5 3
5 0
5 0
1 33
1 31
1 20
5 3
5 1
5 0
5 0
5 2
1 18
5 5
5 1
5 12
5 1
5 1
5 67
3 9
5 5
5 3
4 4
5 0
4 3
5 0
5 0
5 2
4 1
5 1
5 0
5 1
5 0
5 3
5 0
5 0
1 14
5 0
1 11
5 1
5 2
5 38
5 7
5 1
5 1
5 47
5 6
5 1
1 46
5 4
5 0
5 3
5 6
5 1
5 16
1 168
5 1
5 2
4 3
5 4
5 0
5 1
5 5
5 1
5 1
5 1
4 0
5 4
5 2
5 2
5 0
4 0
5 0
5 5
5 2
5 1
4 1
1 264
5 0
5 0
5 1
2 13
5 2
5 10
5 5
5 3
5 5
5 1
5 5
5 13
5 1
4 1
5 1
4 1
4 2
5 17
5 0
5 4
5 2
1 13
5 6
5 2
4 1
5 0
1 17
4 1
5 3
5 1
5 6
5 0
5 4
5 1
5 0
5 1
5 5
5 4
5 2
5 0
5 0
2 4
4 5
4 1
5 5
5 9
5 0
5 0
5 0
5 4
4 9
4 0
2 9
5 0
5 0
5 1
5 30
5 4
5 67
5 2
5 3
5 2
5 7
5 3
5 8
5 6
5 2
5 8
5 0
2 12
5 0
5 0
5 0
5 0
3 3
5 1
5 2
4 0
5 0
5 0
5 1
1 40
5 2
5 1
4 1
5 0
5 0
5 0
5 0
5 0
5 0
1 23
4 0
5 0
2 12
5 0
5 0
4 0
5 0
5 1
5 0
5 1
5 40
5 1
5 0
5 0
5 0
5 0
3 3
2 5
5 0
5 0
5 0
5 0
5 0
5 0
5 0
5 0
5 1
5 0
5 1
5 0
5 1
5 0
5 0
4 0
4 0
4 0
5 0
5 0
5 0
5 1
5 1
5 0
4 4
5 0
1 36
5 0
5 1
5 0
5 0
5 0
4 0
5 0
5 0
4 0
5 0
4 0
4 1
5 0
4 0
5 0
1 29
5 0
5 0
5 0
5 0
5 2
5 0
5 0
5 0
5 0
5 0
5 0
5 11
5 42
4 0
5 0
5 1
5 0
3 5
5 1
5 0
5 0
4 0
5 0
5 0
5 0
4 0
5 0
5 0
5 0
5 0
5 1
5 0
5 0
5 0
5 0
5 0
5 0
5 0
5 0
5 0
5 0
5 0
5 0
5 0
5 0
5 0
5 0
5 0
5 31
5 0
5 0
5 0
4 0
5 0
5 1
5 0
5 1
4 0
5 7
5 0
