5 13
5 5
5 7
5 3
5 4
5 3
5 6
5 5
5 3
5 3
5 3
3 3
5 6
5 2
1 7
5 3
5 2
5 4
4 3
4 1
5 4
5 3
5 1
5 4
3 20
4 11
5 4
4 7
5 9
1 13
4 38
5 35
5 0
1 15
2 9
5 0
2 16
5 5
3 1
4 2
5 2
5 2
5 4
5 10
5 4
4 8
3 4
5 4
1 10
2 10
5 2
5 9
5 11
5 7
5 4
5 3
4 24
1 5
4 20
5 5
1 10
5 8
3 4
5 5
5 2
1 14
5 5
5 6
5 4
5 3
5 2
4 1
4 4
5 12
5 4
3 0
5 6
1 21
5 4
5 4
5 3
4 5
1 185
1 7
4 7
5 8
1 10
1 107
4 3
2 3
5 5
5 4
1 5
5 6
5 15
4 4
5 4
5 1
5 3
4 6
5 5
2 8
5 0
4 4
4 2
4 0
4 0
4 0
4 5
4 0
2 8
4 1
5 1
3 0
5 1
5 2
1 3
5 3
4 1
5 1
5 1
5 0
5 1
5 1
5 0
5 0
5 2
2 6
5 2
5 2
5 0
3 0
5 4
1 13
5 0
5 0
5 5
1 14
2 6
1 5
2 6
5 7
2 3
5 3
4 1
5 4
5 2
3 17
5 5
5 6
4 0
5 4
5 3
1 7
4 1
5 3
2 1
5 1
5 1
4 0
3 1
5 1
3 1
3 0
5 2
1 3
4 0
4 0
1 17
4 0
4 28
5 5
5 2
3 5
5 0
4 1
5 2
3 21
4 6
5 1
4 1
4 3
5 1
5 1
5 29
5 3
5 1
3 0
5 2
5 3
5 3
5 0
5 3
4 0
4 0
4 0
4 0
4 0
4 0
5 1
5 1
5 2
1 1
5 6
5 0
4 1
1 15
5 8
4 0
5 2
5 1
1 108
5 3
5 1
5 0
5 0
2 5
5 5
1 9
5 4
4 8
1 6
3 13
1 3
1 2
1 2
2 12
5 0
5 0
5 0
5 1
5 4
5 1
5 19
1 3
1 55
5 0
1 3
2 2
5 1
5 7
5 3
2 3
2 9
5 11
3 3
5 2
3 5
2 6
5 260
5 2
5 0
5 13
3 1
1 7
5 1
5 1
5 1
5 1
5 1
5 1
1 4
4 760
5 2
5 2
5 0
5 1
3 2
5 3
1 38
5 7
1 7
2 1
5 1
1 2
4 0
5 0
5 2
5 0
5 0
5 1
5 3
5 3
5 1
5 1
5 0
5 2
5 7
5 10
5 1
4 0
3 3
5 0
1 37
5 1
5 0
5 0
5 0
5 0
5 1
3 4
5 2
5 4
5 2
5 3
5 0
5 1
5 0
5 0
5 0
4 0
5 0
5 0
5 2
5 0
4 0
5 6
5 4
5 6
1 9
5 1
5 2
5 2
1 44
5 1
5 28
5 4
5 0
3 2
5 2
3 6
5 4
5 4
5 3
5 2
4 2
5 4
5 1
5 1
1 28
5 5
5 2
5 2
5 1
5 0
5 0
4 5
5 3
5 1
5 0
4 0
5 15
5 8
4 3
5 0
5 0
5 2
5 2
5 1
5 8
5 2
5 2
4 3
5 2
5 12
5 3
5 0
5 1
5 0
5 0
5 127
5 2
5 19
4 2
5 0
3 8
5 3
1 18
5 2
5 2
1 8
5 1
5 1
5 1
5 1
2 27
4 5
5 8
5 1
5 1
5 2
5 0
4 3
5 5
5 1
2 7
1 12
4 3
4 4
5 9
5 2
4 0
1 16
4 1
3 2
5 1
5 1
5 3
4 7
4 0
5 1
5 2
1 15
5 1
3 2
4 3
5 0
4 1
4 4
5 3
5 4
5 4
5 1
3 4
5 2
5 1
1 28
5 0
5 0
5 2
5 0
2 2
3 47
4 3
5 2
5 2
5 3
5 5
1 7
4 1
5 2
1 6
1 11
2 1
5 6
5 4
5 4
5 0
4 2
5 5
5 6
1 18
5 0
1 20
3 3
5 1
5 1
5 0
5 2
1 12
4 1
5 0
5 1
5 0
5 0
5 0
5 0
5 0
5 0
2 5
5 6
5 1
1 6
5 1
4 0
5 0
5 0
5 0
5 0
5 0
4 3
1 1
4 0
3 0
5 0
1 8
5 3
5 0
5 0
5 3
5 0
5 0
5 0
3 0
1 7
4 0
4 0
1 3
5 0
5 0
5 0
5 0
1 3
5 0
5 0
4 8
4 0
5 2
5 0
5 0
5 5
5 0
5 0
5 0
5 0
3 0
5 0
5 4
5 0
4 0
5 0
1 5
5 0
3 1
4 0
5 0
5 0
5 0
2 4
5 0
5 0
5 0
5 0
5 0
5 0
5 0
5 0
5 0
5 0
5 0
4 0
5 2
1 5
4 0
3 0
1 20
5 0
5 0
5 0
5 0
5 0
5 0
5 0
5 0
5 0
5 0
5 1
3 0
5 0
5 0
