5 2
5 0
4 1
5 1
4 1
1 21
5 4
4 2
5 1
3 1
4 1
5 1
5 3
5 2
5 1
5 0
5 2
4 1
4 1
5 1
5 3
1 23
5 0
3 26
5 0
5 0
4 0
4 0
4 0
4 0
5 1
5 0
5 2
4 0
5 3
5 0
5 0
5 1
5 0
5 0
5 0
5 0
5 0
1 8
5 0
5 1
5 9
5 0
5 3
4 0
5 2
5 0
4 3
5 0
5 2
4 0
5 0
5 0
4 0
4 0
5 1
5 1
5 1
5 0
5 2
5 2
5 1
5 1
5 1
5 1
5 1
4 2
3 4
5 0
4 0
5 2
5 0
5 0
5 0
5 0
4 0
5 0
5 0
4 3
5 0
5 2
5 0
1 5
4 1
4 0
5 0
5 0
5 0
4 0
5 3
4 0
5 0
5 0
5 1
5 0
5 0
5 0
5 1
4 0
5 2
5 0
5 1
5 0
5 0
4 1
5 0
4 2
5 0
1 16
5 0
5 0
5 0
5 0
3 0
4 0
5 0
5 2
5 1
5 0
5 0
5 0
4 1
5 2
5 2
1 6
5 0
5 9
5 0
5 0
4 0
5 0
5 5
5 2
5 1
5 1
5 1
5 0
4 0
4 0
5 1
5 0
5 0
5 0
5 0
4 0
1 17
5 0
5 0
5 0
5 0
5 1
5 3
4 0
5 0
4 0
5 1
5 0
4 4
4 0
5 0
5 1
4 0
3 1
5 0
5 0
5 0
4 0
5 0
5 2
4 0
4 0
5 0
5 1
5 0
5 0
5 0
4 0
5 3
3 4
4 0
5 0
4 0
5 0
5 0
5 1
5 1
5 1
5 0
5 0
4 0
5 0
5 0
5 0
4 1
5 0
3 13
4 1
5 0
5 1
3 1
5 1
5 1
5 1
4 0
1 22
4 0
4 0
3 3
5 1
5 0
5 3
5 2
5 1
4 0
5 0
4 0
5 0
4 0
4 0
5 1
1 9
3 0
5 0
5 0
5 0
3 0
5 2
5 1
5 1
5 0
5 0
5 0
5 1
5 1
2 4
3 8
5 0
5 0
5 0
5 0
5 0
5 0
5 0
5 0
5 0
5 0
4 0
5 0
5 2
5 0
5 0
5 1
5 0
5 3
5 1
5 0
5 0
2 5
5 0
5 0
5 0
5 0
4 0
5 0
5 0
5 0
5 0
4 0
5 2
5 2
5 0
5 3
5 0
5 0
5 0
5 0
5 0
5 1
5 0
4 0
4 0
5 1
1 28
1 9
4 1
5 0
5 0
5 0
5 0
3 1
5 0
3 0
5 1
5 2
5 4
5 0
5 0
5 0
5 0
5 0
4 0
5 0
5 0
5 0
5 0
5 0
5 0
5 0
5 2
5 5
5 2
5 0
5 2
5 0
5 1
5 0
5 0
4 0
5 0
1 7
5 0
5 0
5 2
5 0
2 16
5 1
5 1
5 0
5 0
5 0
4 0
5 0
5 0
5 4
5 0
5 5
5 0
5 0
4 5
4 0
5 1
5 2
5 0
5 3
5 0
4 1
5 0
3 3
4 0
5 0
5 0
5 0
4 2
5 0
3 0
5 0
5 1
5 0
5 1
5 4
4 2
5 17
5 0
5 1
2 5
5 2
5 1
5 2
5 0
5 0
5 1
5 0
3 4
5 13
5 3
5 8
5 1
5 0
5 3
5 0
5 1
5 0
5 0
4 0
5 1
5 0
5 0
5 0
4 0
5 11
5 0
4 6
4 4
4 2
5 1
4 1
5 9
5 0
5 0
5 0
3 2
5 0
4 0
2 26
5 2
2 11
4 2
2 12
5 4
5 0
5 1
5 0
5 0
5 0
5 0
5 1
5 0
5 1
4 0
5 0
4 0
5 0
5 0
5 14
4 0
5 0
5 0
5 4
5 0
5 0
5 0
4 0
5 0
5 0
5 0
5 0
5 0
5 0
5 0
5 0
5 0
5 4
5 0
2 2
5 1
5 0
5 0
5 1
4 0
5 1
4 0
5 2
5 1
4 1
5 1
5 3
5 0
5 2
4 1
4 2
5 1
5 0
3 5
5 0
4 0
5 1
2 6
5 1
3 0
5 0
5 1
5 0
5 0
5 0
5 1
5 0
5 0
5 3
5 1
5 1
5 0
5 0
4 1
5 1
5 4
5 0
5 0
5 0
5 2
5 0
5 0
5 4
5 0
5 0
5 0
5 0
5 1
5 0
5 2
5 1
4 5
5 0
5 24
5 0
5 1
5 0
5 1
5 0
5 8
4 0
5 0
5 0
5 0
5 0
5 0
3 1
5 0
5 0
4 0
5 0
5 0
5 0
5 2
5 1
5 2
4 0
3 2
5 0
5 0
5 1
5 3
5 0
5 0
5 0
4 0
4 8
2 7
4 0
5 0
5 0
5 0
5 0
5 1
5 0
5 0
5 0
5 1
3 0
5 2
5 0
5 0
4 0
4 0
4 0
5 0
5 3
5 5
5 0
5 0
4 0
5 0
5 0
5 1
3 0
5 1
5 0
5 0
5 0
5 0
5 0
5 0
5 0
5 0
5 0
5 0
5 0
5 0
5 1
2 9
4 0
4 0
5 1
5 1
5 9
5 3
5 1
4 0
5 1
2 4
5 0
4 4
5 0
5 1
4 0
5 0
5 0
5 5
5 1
5 0
5 1
5 0
5 0
5 12
4 0
5 1
3 3
4 0
5 0
4 0
5 0
5 0
5 1
5 2
2 4
5 0
5 0
5 0
5 0
5 0
5 0
5 1
5 0
4 1
5 312
5 10
5 2
5 0
5 2
5 1
5 1
5 2
5 0
5 1
5 1
5 1
5 149
3 1
5 1
4 0
5 0
5 2
5 0
5 0
5 4
5 0
5 0
5 1
5 0
5 0
5 1
5 2
5 0
5 0
5 2
4 2
5 3
5 3
5 1
5 1
5 1
5 0
5 1
5 2
5 1
3 2
5 2
5 1
5 2
5 3
5 0
5 1
5 1
3 2
3 18
4 0
5 0
5 1
5 0
5 0
5 3
5 1
5 4
5 4
5 0
5 0
5 0
5 0
5 0
5 0
5 0
5 0
5 0
5 0
5 0
5 0
3 1
4 1
5 0
5 2
5 2
3 5
5 1
5 1
5 6
5 3
5 2
4 0
5 0
5 0
5 2
5 0
5 1
5 2
4 11
5 5
5 3
5 0
5 4
5 0
5 1
5 0
5 1
4 1
5 0
5 0
4 0
5 0
5 5
5 2
4 1
5 1
5 1
5 2
5 0
5 12
5 3
5 2
5 141
5 1
5 0
5 0
5 0
5 0
5 0
5 0
5 0
5 0
5 0
5 0
5 0
5 0
5 0
5 1
5 0
5 0
5 0
5 0
5 0
5 0
5 0
5 0
5 0
5 0
5 0
5 0
5 0
5 0
5 0
5 0
5 0
5 0
5 0
5 0
5 0
5 0
4 0
5 0
5 0
5 0
5 0
5 0
5 0
5 0
5 1
