5 0
5 1
5 1
2 2
5 0
5 1
5 1
5 3
5 1
5 2
5 2
5 0
5 0
5 1
5 0
5 1
5 1
5 0
5 0
4 0
4 2
4 1
5 0
4 1
5 0
5 1
4 1
5 9
5 0
5 1
5 3
5 0
5 1
5 4
3 3
5 0
5 0
5 1
5 1
5 3
5 1
5 3
1 52
5 3
3 3
5 3
5 2
5 3
5 1
5 4
5 4
5 6
5 1
2 6
2 7
5 1
5 3
5 3
5 1
5 2
3 0
5 3
5 1
5 2
5 4
5 0
5 0
5 1
4 1
5 3
5 3
5 3
5 1
5 3
5 4
5 2
5 0
5 1
5 1
5 1
5 2
5 1
4 1
4 0
5 1
4 3
3 0
5 2
5 0
5 1
4 1
4 1
5 1
5 1
5 0
5 2
3 1
5 1
5 0
5 1
3 0
4 0
4 2
5 1
5 1
5 1
5 1
3 0
5 1
4 0
5 0
5 2
4 1
5 0
5 2
5 3
5 1
5 1
5 2
5 2
5 6
5 2
5 1
5 1
5 1
5 0
5 0
5 0
5 1
5 0
5 1
5 2
1 58
5 2
1 15
5 0
5 1
5 2
5 1
4 0
4 1
4 2
2 11
5 2
4 7
5 2
5 1
5 1
5 0
5 0
5 0
5 1
5 1
4 1
5 0
5 0
5 0
5 0
5 4
5 0
5 0
5 0
5 0
4 0
4 0
5 0
5 0
1 8
5 2
5 1
4 0
5 3
5 3
4 0
4 0
5 0
1 10
5 0
4 0
5 1
5 0
1 15
5 0
4 0
5 0
5 0
5 0
5 0
5 0
5 0
5 0
5 0
2 0
5 0
5 0
5 0
1 9
5 0
5 0
5 0
5 0
4 0
5 0
5 0
5 0
5 0
4 0
5 0
1 28
5 0
4 1
5 1
5 0
5 0
1 7
3 1
4 0
5 0
5 0
5 0
5 0
1 11
5 0
4 0
3 25
5 1
3 2
5 0
5 1
5 0
5 0
5 0
5 0
4 0
5 1
4 0
4 0
5 0
4 2
4 1
1 11
5 0
5 2
4 0
5 1
2 6
5 0
4 0
5 0
5 0
5 0
5 0
5 0
5 0
5 0
5 0
1 9
5 0
5 0
5 0
5 1
5 1
1 5
4 0
4 1
5 4
5 2
4 1
5 0
5 2
5 1
5 0
5 1
5 13
5 0
5 1
5 1
5 0
5 0
5 1
5 0
5 0
5 0
5 0
4 2
5 2
5 0
3 0
4 0
5 0
5 1
5 0
4 3
1 32
3 0
3 0
1 42
5 1
5 1
5 1
5 2
5 1
5 2
5 4
4 1
5 1
3 2
5 1
4 0
4 2
4 2
5 0
5 0
5 0
5 1
5 0
5 0
5 0
5 0
5 2
5 0
5 1
5 3
5 0
5 0
5 0
5 0
3 0
5 0
5 0
5 0
5 0
5 0
4 0
4 0
5 0
5 0
5 0
5 2
2 5
5 384
5 0
5 12
5 0
5 3
5 2
5 1
5 0
5 0
5 0
5 0
5 0
5 0
5 0
5 0
3 1
5 0
5 0
5 1
5 0
4 0
4 0
5 0
5 0
5 0
4 0
5 2
5 0
5 0
5 0
5 1
5 2
5 1
5 0
5 0
5 1
5 0
5 0
5 0
5 3
5 0
4 0
5 1
4 0
5 0
5 2
5 2
5 1
5 0
3 0
5 1
5 1
5 0
5 0
5 0
4 0
5 0
5 0
5 0
5 0
5 0
5 0
5 0
5 0
5 0
5 0
5 1
5 2
5 1
5 0
4 0
5 4
5 5
5 0
5 0
5 3
4 58
5 1
5 11
5 1
4 0
4 2
5 0
2 15
5 4
5 0
5 0
5 0
5 0
5 2
5 0
5 0
5 0
5 0
5 0
5 0
3 2
5 0
4 21
3 0
5 0
5 0
5 0
5 1
5 1
5 1
5 0
5 1
5 1
5 5
5 1
5 0
5 0
5 1
5 0
5 0
5 11
5 0
5 6
5 1
5 0
2 3
5 0
5 0
5 0
5 0
5 0
5 0
5 2
5 0
5 0
5 0
5 0
5 0
5 3
5 0
5 1
5 0
5 4
5 1
5 6
5 0
5 0
4 0
5 0
4 0
5 0
5 0
5 0
5 0
5 1
5 0
5 0
5 1
5 1
5 6
5 0
5 0
5 1
5 1
5 1
5 0
5 1
5 1
2 15
5 1
5 0
5 0
5 0
5 0
5 0
4 0
5 1
5 0
5 1
5 2
5 0
5 2
5 1
5 0
3 2
3 0
5 0
5 1
5 1
5 0
4 0
5 1
5 0
5 0
5 0
4 0
5 3
5 1
5 0
5 0
4 1
5 2
4 0
5 0
5 0
5 0
3 2
5 0
5 0
5 1
5 0
5 2
5 0
4 0
3 1
5 2
5 2
5 4
4 0
5 0
5 0
5 6
5 1
5 0
5 0
5 0
4 0
4 1
5 1
5 1
5 0
5 0
5 2
3 0
5 0
2 3
5 0
5 2
5 0
5 0
2 24
4 1
3 0
5 1
5 0
5 1
5 0
4 2
5 1
5 0
5 3
5 2
5 0
3 0
4 0
5 0
5 0
5 1
5 0
4 6
5 3
4 0
5 0
5 0
5 0
5 0
5 5
4 0
5 0
5 1
5 0
5 0
5 1
5 0
4 0
5 0
5 0
4 0
5 0
5 0
5 0
5 5
5 0
4 0
3 0
4 0
4 1
4 1
5 0
4 0
5 1
5 0
5 0
5 0
5 0
5 1
4 2
5 0
5 0
5 4
5 4
5 1
5 0
5 0
5 0
5 0
5 0
4 0
5 0
5 0
4 15
5 0
5 0
5 0
5 1
5 5
5 0
5 0
5 0
5 0
5 0
5 0
5 0
5 2
5 1
5 0
5 1
5 0
5 0
5 0
4 0
5 0
5 0
5 0
5 2
5 26
5 0
5 3
5 0
5 1
5 6
5 4
5 64
4 1
5 5
5 8
5 1
5 2
5 12
5 8
4 1
5 0
5 4
5 0
5 1
5 8
3 9
4 0
5 0
4 1
5 0
5 0
4 2
5 0
5 0
2 6
5 0
5 0
5 0
5 1
5 0
5 6
5 0
5 1
5 2
5 2
5 0
4 0
5 0
5 2
3 1
5 2
4 1
4 5
5 0
1 3
5 2
4 0
4 1
5 0
5 0
5 3
5 0
5 5
5 0
5 7
5 0
5 0
5 1
5 0
5 0
2 2
5 22
5 0
5 0
5 0
4 4
5 5
5 0
5 0
5 3
5 2
4 2
5 0
5 0
5 0
5 0
5 0
5 0
5 1
5 2
5 0
5 0
5 0
5 0
5 0
5 2
4 0
5 0
4 0
5 0
5 1
5 0
5 0
5 0
4 0
5 0
4 0
5 12
5 0
5 0
5 7
5 0
5 0
2 8
4 0
5 3
5 1
5 0
4 1
5 0
4 1
4 1
5 0
5 0
5 0
5 0
5 0
3 1
5 12
5 2
5 0
5 4
5 11
5 0
5 1
5 0
5 0
2 3
5 0
5 1
5 0
4 0
5 0
5 0
5 9
5 0
5 8
5 1
5 3
5 4
5 1
5 2
5 1
5 0
5 0
4 1
5 2
4 6
5 1
5 0
5 1
5 0
5 0
5 0
5 0
5 0
4 0
5 0
5 0
5 2
5 0
5 0
5 1
5 1
5 0
5 0
5 0
5 0
2 2
5 0
5 0
5 2
4 0
5 0
5 0
5 4
5 0
5 0
5 0
5 0
3 0
5 2
5 2
5 1
5 0
3 4
4 0
5 1
5 0
3 0
5 0
4 0
5 1
5 0
5 0
5 0
5 0
5 1
5 0
5 1
4 0
5 0
5 0
5 0
3 3
5 0
5 0
5 0
5 8
5 0
5 5
5 1
5 3
5 14
5 2
5 2
5 4
5 0
5 0
5 0
5 0
5 0
5 0
5 0
5 0
5 1
5 0
3 3
5 7
5 1
5 1
5 4
5 2
5 1
2 17
4 0
5 9
5 2
3 2
5 0
5 1
3 5
5 0
5 0
5 0
4 0
5 0
4 1
5 1
5 0
4 1
5 0
5 0
5 0
5 0
5 0
4 8
3 30
5 1
5 0
5 0
5 1
4 1
5 0
5 0
4 0
5 0
5 0
5 1
5 0
5 0
5 1
5 1
5 1
5 1
5 0
5 1
5 25
5 0
1 20
5 2
5 1
5 0
5 0
5 1
5 0
4 0
5 0
1 19
4 1
5 0
5 3
5 0
5 0
5 0
5 3
5 0
5 0
5 1
4 3
5 1
5 6
5 503
5 2
5 2
5 5
5 30
5 1
5 1
5 0
5 0
5 1
4 1
5 0
5 0
5 1
5 0
5 0
5 1
5 0
5 0
5 0
5 4
5 0
5 0
5 0
5 0
5 0
5 0
5 1
5 0
5 0
5 2
5 0
4 0
5 1
5 1
5 1
5 0
5 1
5 1
5 0
5 1
5 2
5 21
5 9
5 1
5 5
5 1
5 1
5 0
5 1
5 0
5 1
5 58
5 0
5 0
5 0
5 0
5 0
5 3
5 1
5 3
5 0
4 6
5 2
4 1
5 0
5 0
4 0
5 0
5 0
5 2
5 1
3 5
5 0
5 2
5 0
5 1
5 3
5 0
5 0
5 9
5 1
5 1
5 4
5 0
5 3
2 6
5 0
5 0
5 0
3 13
5 0
5 7
4 2
5 1
5 1
5 4
5 0
5 0
5 0
5 0
3 4
5 0
5 0
4 0
5 1
5 0
5 0
5 1
5 1
5 1
5 1
5 2
4 1
5 2
5 0
5 8
4 1
5 0
5 1
5 1
5 1
5 2
5 1
5 1
5 1
3 2
5 0
5 1
5 2
5 1
5 0
5 0
5 0
5 3
5 0
5 1
5 3
5 0
5 10
5 1
5 1
5 0
5 2
5 4
5 3
4 0
4 0
5 1
5 1
1 10
5 2
5 5
3 5
5 2
5 0
5 1
5 1
4 2
5 1
5 5
5 0
5 3
5 0
5 0
5 3
5 0
5 5
5 1
5 0
5 0
5 0
5 6
4 0
5 0
5 2
5 1
5 0
5 0
5 2
5 1
5 0
5 0
5 1
5 1
5 1
5 0
5 0
5 1
5 0
5 26
5 3
5 12
5 1
5 1
5 2
5 2
5 2
5 1
5 0
5 0
5 1
5 1
3 5
5 1
5 0
5 0
4 0
5 3
5 0
3 4
5 3
4 0
5 2
5 0
5 0
5 0
3 0
5 0
5 0
4 0
3 1
5 0
5 0
4 1
5 2
5 1
5 2
5 0
5 0
3 0
5 1
5 0
5 0
5 0
4 0
5 3
5 1
5 0
5 0
5 1
5 0
5 1
5 0
5 0
5 0
5 0
5 0
3 3
4 0
5 1
5 1
5 0
5 0
5 0
5 1
5 3
4 1
5 6
5 10
5 0
5 11
5 3
5 2
5 1
5 0
5 0
5 0
5 0
5 2
5 0
5 1
5 0
5 0
4 0
5 0
5 0
5 4
4 3
5 2
5 4
5 2
5 6
4 1
5 4
5 1
5 1
5 1
5 0
5 4
5 1
3 3
5 0
5 1
5 1
5 3
5 4
5 1
5 1
5 0
5 5
5 0
5 2
4 2
5 3
5 0
5 7
5 0
5 20
5 0
5 0
5 0
5 3
5 2
5 0
5 4
5 8
5 0
5 0
5 0
5 0
5 0
4 0
5 46
4 2
5 0
5 6
5 0
4 0
5 0
5 10
3 0
5 3
5 2
5 0
5 4
5 0
5 1
5 0
5 0
5 0
5 0
5 0
5 0
5 12
5 13
5 0
5 5
5 0
3 5
5 6
5 103
5 0
5 0
5 0
5 0
4 1
4 1
5 1
5 0
5 0
5 15
5 0
5 0
5 0
5 0
5 0
5 0
5 2
5 0
5 2
5 2
4 3
5 0
5 2
4 1
4 6
5 1
5 4
5 1
5 3
5 1
5 2
5 2
5 0
5 0
5 0
5 0
5 0
5 1
5 0
5 9
5 1
5 0
4 0
5 3
5 2
5 6
5 10
5 1
5 0
5 4
5 0
5 0
3 2
5 2
5 0
5 3
5 1
3 0
5 0
5 1
5 8
5 0
5 0
5 10
5 0
4 2
5 5
5 0
4 0
5 0
5 0
4 0
5 1
5 0
5 1
5 2
5 0
5 1
4 3
5 0
5 0
5 0
5 2
5 1
5 0
5 0
4 0
4 0
3 0
5 0
5 0
5 0
5 1
5 4
5 3
5 10
5 0
5 0
5 3
5 0
5 3
5 1
5 2
5 0
5 0
5 0
4 2
5 0
5 2
5 5
5 1
4 1
5 0
5 0
5 0
4 0
5 1
5 0
5 0
5 1
5 0
4 0
5 0
5 0
5 14
5 0
5 0
4 2
4 0
5 0
2 10
5 4
4 0
5 5
5 0
5 1
5 0
5 1
5 8
5 0
5 5
5 0
5 0
5 0
5 0
5 1
5 0
5 0
5 0
5 0
5 0
5 0
5 0
5 1
5 0
5 0
5 0
5 1
5 0
5 0
5 0
5 0
5 0
5 0
4 0
5 0
5 0
5 1
5 0
5 3
5 0
5 0
5 0
5 0
5 0
5 0
5 4
5 1
5 6
5 6
5 0
5 0
2 2
5 0
5 0
5 0
5 0
5 0
5 1
5 0
5 0
5 0
5 2
5 2
5 2
5 6
4 1
5 8
5 3
4 4
5 11
5 0
5 0
4 1
5 0
3 9
5 9
5 6
4 0
5 5
5 2
5 1
5 0
5 2
5 0
5 1
5 1
5 22
5 2
5 0
5 0
5 0
5 1
5 0
5 0
5 0
5 0
5 0
5 0
4 0
5 0
5 0
5 0
5 0
5 0
4 0
5 1
5 0
5 0
5 0
5 0
5 11
5 0
4 0
5 0
5 0
5 0
5 0
5 32
5 0
5 0
5 0
5 1
5 2
5 0
5 3
5 4
5 3
5 1
5 1
5 0
5 0
5 0
5 16
5 5
5 0
5 0
5 0
5 3
5 9
3 8
5 5
5 1
5 1
5 1
5 17
5 1
5 12
5 1
5 2
5 4
5 1
5 1
5 4
5 1
3 2
5 2
5 10
5 8
5 9
5 28
5 2
5 0
5 5
5 1
1 11
5 1
5 1
5 0
5 2
5 10
5 1
5 2
5 3
5 0
4 6
5 11
5 8
5 10
5 5
5 0
5 4
5 2
5 1
5 4
5 2
5 0
5 4
5 0
5 30
5 1
5 9
5 9
5 0
5 0
5 8
5 1
5 0
5 0
5 0
5 1
5 1
5 1
5 15
5 14
5 22
4 0
5 4
5 2
3 9
5 0
5 0
5 0
5 0
5 0
4 4
5 0
5 0
5 0
5 2
5 0
5 0
5 2
5 0
5 0
4 2
5 0
5 0
5 0
5 0
5 0
5 0
5 0
5 0
5 0
5 0
5 0
5 0
5 0
5 0
5 0
5 0
5 0
5 0
5 0
5 0
5 0
5 0
5 0
5 0
5 0
5 0
5 0
5 0
5 0
5 0
5 0
5 1
3 1
2 25
5 0
5 0
5 0
5 0
5 0
5 1
5 0
5 0
5 0
5 0
5 0
5 0
5 0
3 1
5 0
5 0
5 0
5 0
5 0
3 0
5 0
5 0
5 0
5 0
5 0
5 1
5 0
5 0
5 0
5 2
5 0
5 0
5 0
5 0
5 0
5 1
5 0
5 0
5 0
4 1
5 0
5 0
5 0
5 0
5 0
5 0
5 0
5 0
5 0
5 0
5 0
5 0
5 0
5 0
5 0
5 0
5 0
5 0
5 0
5 0
5 0
5 0
5 0
5 0
5 0
5 0
5 0
5 0
5 0
5 0
5 10
5 0
5 0
5 0
5 0
5 0
5 0
5 0
5 0
5 0
5 0
5 0
5 0
5 0
5 0
5 0
5 0
5 0
5 0
5 0
5 0
5 0
5 0
5 0
5 0
5 0
5 0
5 0
4 0
5 0
5 0
5 0
5 0
5 0
5 0
5 0
5 0
5 0
5 0
5 0
5 0
4 1
5 0
5 0
4 0
5 0
5 0
3 0
5 0
5 0
5 0
5 0
5 0
5 0
4 0
4 0
5 0
5 0
5 0
5 0
5 0
3 1
5 0
5 0
5 0
5 0
5 0
5 0
5 0
5 0
5 0
5 0
5 0
5 0
5 0
5 0
5 0
5 0
5 0
5 0
5 0
5 0
5 0
5 0
4 0
5 0
5 0
5 0
5 0
5 0
5 0
5 0
5 0
5 0
5 0
5 0
5 0
5 0
5 0
5 0
5 0
2 13
5 0
5 0
5 0
5 0
5 0
5 0
5 0
5 0
5 0
5 0
5 0
5 0
5 0
5 0
5 0
5 0
5 0
5 0
5 0
5 0
5 0
5 0
5 0
5 0
5 0
5 0
5 0
5 0
5 0
5 0
5 0
5 0
5 0
5 0
5 0
5 0
5 0
5 0
5 0
5 0
5 0
5 0
5 0
5 0
5 0
5 0
5 0
5 0
5 0
5 0
5 0
5 0
5 0
5 0
5 0
5 0
5 0
5 0
5 0
5 0
5 0
5 0
5 0
5 0
4 1
5 0
5 0
5 0
5 0
5 0
5 0
5 0
5 0
5 0
5 0
5 0
5 0
5 0
5 0
5 0
5 0
5 0
5 0
5 0
5 0
5 0
5 0
5 0
5 13
5 0
5 0
5 0
5 0
5 0
5 0
5 0
5 0
5 0
4 0
5 0
5 0
5 0
5 0
5 0
5 0
5 0
5 0
5 0
5 0
5 0
4 0
5 0
5 0
4 0
5 0
5 0
5 0
5 0
3 0
4 0
5 0
5 0
5 0
5 0
4 0
5 0
5 0
5 0
5 0
5 0
5 0
5 0
5 0
5 0
5 0
4 0
5 0
5 0
5 0
5 0
5 0
5 0
5 0
5 0
5 0
3 0
4 0
5 0
5 0
5 0
5 0
5 0
5 0
4 0
5 0
5 0
5 0
5 0
5 0
5 0
4 0
5 0
5 0
5 0
5 0
5 0
5 0
5 0
5 0
5 0
5 0
5 0
5 0
5 0
5 0
5 0
5 0
5 0
5 0
5 0
5 0
5 0
5 0
5 0
5 0
5 0
5 0
5 0
5 0
5 0
5 0
5 0
5 0
5 0
5 0
5 0
5 0
4 0
5 0
5 0
5 0
5 0
5 0
5 0
5 0
5 0
5 0
5 0
5 0
5 0
5 0
5 0
4 0
5 0
5 0
5 0
4 1
5 0
5 0
5 0
5 0
5 0
5 0
5 0
5 0
5 0
5 0
5 0
5 0
5 0
5 0
5 0
5 0
5 0
5 0
5 0
5 0
5 0
5 0
5 0
5 0
5 0
5 0
5 0
5 0
3 7
5 0
5 0
5 0
5 0
5 0
5 0
5 0
5 0
5 0
5 0
5 0
3 0
5 0
5 0
5 0
5 0
4 0
5 0
5 0
5 0
5 0
5 0
5 0
5 0
5 0
5 0
5 0
5 0
5 0
5 0
5 0
5 0
5 0
5 0
5 0
5 0
5 0
5 0
5 0
5 0
5 0
5 0
5 0
5 0
5 0
5 0
5 0
5 0
5 0
5 0
5 0
5 0
5 0
5 0
5 0
5 0
5 0
5 0
5 0
5 0
5 0
5 0
5 0
5 0
5 0
5 0
2 3
5 0
5 0
5 0
5 0
5 0
5 0
5 0
5 0
5 0
5 0
5 0
5 0
5 0
5 0
5 0
5 0
5 0
5 0
4 0
5 0
5 0
5 0
5 0
5 0
5 0
5 0
5 0
5 0
5 0
5 0
5 0
5 0
5 0
5 0
5 0
5 0
5 0
5 1
5 0
5 0
5 0
5 0
5 0
5 0
5 0
5 0
5 0
5 0
5 0
5 0
5 0
5 0
5 0
5 0
5 0
5 0
5 0
5 0
5 0
5 0
5 0
5 0
5 0
5 0
5 0
5 0
5 0
5 0
5 0
5 0
5 0
5 0
5 0
5 0
5 0
5 0
5 0
5 0
5 0
5 0
5 0
5 0
5 0
5 0
5 0
5 0
5 0
5 0
5 0
5 0
5 0
5 0
5 0
5 0
5 0
5 0
5 0
5 0
5 0
5 0
5 0
5 0
5 0
5 0
5 1
3 0
5 1
5 1
5 1
5 1
5 1
5 1
5 1
2 16
5 1
5 1
5 1
5 1
5 1
5 1
5 1
5 1
5 1
5 1
5 1
5 1
5 1
5 1
5 1
5 1
5 1
5 1
5 1
5 1
2 5
5 1
5 1
5 1
4 2
5 1
5 1
5 1
5 1
5 1
5 1
5 1
5 1
5 1
5 1
5 1
5 1
5 1
5 1
5 1
5 1
5 1
5 1
5 1
5 2
5 1
