5 0
1 8
1 11
5 2
1 8
5 1
3 3
5 5
1 12
5 4
5 3
1 10
5 4
5 4
5 4
5 1
3 12
5 2
4 2
2 7
5 1
5 3
5 3
5 3
3 9
1 27
3 9
5 1
5 1
5 4
1 10
4 2
2 16
4 7
5 3
1 10
1 8
5 1
5 1
4 1
5 2
5 1
5 5
1 12
1 12
1 14
5 1
5 4
4 1
1 15
5 1
5 0
5 2
2 12
2 8
3 7
5 2
4 1
1 10
1 22
4 2
5 2
5 1
5 2
4 4
1 8
3 2
1 11
5 2
4 4
1 30
5 2
5 1
5 1
5 1
5 2
5 0
5 0
3 5
2 9
2 15
1 13
5 0
5 0
1 12
2 6
5 0
4 1
5 3
1 9
5 4
5 1
5 0
5 0
4 0
3 4
5 0
5 0
5 0
5 1
5 1
5 2
5 1
5 0
5 0
5 0
5 1
2 3
1 6
5 2
1 10
1 12
5 4
1 14
5 1
5 0
5 0
5 2
1 23
4 2
5 1
2 6
5 3
5 1
1 48
1 90
5 6
5 1
5 0
5 2
1 14
4 1
5 0
5 0
2 8
4 4
1 7
2 7
5 2
5 1
5 3
2 11
5 1
5 4
3 3
1 15
3 1
5 2
5 0
3 72
5 0
2 15
5 1
1 11
1 6
1 3
1 15
5 0
1 10
4 1
2 5
4 0
2 7
4 0
2 5
4 1
4 2
5 1
3 6
5 1
5 1
2 7
4 0
5 1
5 0
3 6
4 0
1 6
5 3
5 0
5 1
5 0
1 17
4 0
4 3
4 0
5 1
5 0
1 8
1 15
4 0
5 0
4 0
1 96
2 5
5 4
3 3
5 0
5 1
1 10
1 24
5 1
3 2
5 1
5 0
4 0
1 15
5 0
2 26
1 1
3 3
1 9
4 1
5 1
5 1
5 0
1 10
5 1
4 1
1 7
1 13
5 4
1 9
5 3
1 8
5 1
1 18
5 0
1 24
1 15
1 12
5 1
1 13
5 0
5 0
5 0
5 1
5 0
5 0
3 25
5 0
5 0
5 1
1 9
5 1
5 0
5 0
1 17
4 7
4 3
5 1
1 16
4 0
3 1
1 8
5 4
4 3
5 2
5 3
4 3
4 1
1 13
4 2
2 9
2 10
5 6
4 1
4 1
1 80
4 0
5 0
5 0
5 0
5 0
3 1
1 12
5 1
5 2
5 1
4 1
5 2
3 6
5 0
5 0
2 2
3 1
4 0
5 0
5 0
2 6
1 6
4 0
1 20
1 10
4 2
4 5
5 1
5 24
5 0
3 2
1 10
1 23
1 12
5 3
5 0
5 1
1 17
2 5
5 0
4 2
2 3
1 10
4 0
5 0
1 5
5 1
5 1
4 0
5 1
5 3
2 8
3 6
1 11
5 0
5 1
5 0
5 0
5 2
5 2
1 11
4 6
1 15
1 13
5 3
5 2
5 2
5 1
5 3
4 4
3 3
5 1
4 1
1 6
5 2
5 2
2 12
4 2
5 2
1 11
2 1
1 8
3 3
4 1
2 5
5 2
5 3
5 0
4 0
5 0
1 6
5 1
5 0
5 1
1 9
5 0
5 0
1 7
5 0
5 3
2 1
4 0
5 0
4 0
5 1
2 4
5 1
4 3
5 5
5 6
5 1
5 1
1 23
3 0
5 3
5 1
5 0
1 7
5 1
2 4
5 3
4 0
2 4
2 1
4 1
4 1
5 6
4 0
5 3
5 6
4 1
2 7
5 4
4 4
5 2
1 9
5 0
5 9
1 11
5 4
5 1
5 2
5 0
5 1
5 2
5 0
1 8
5 3
1 8
5 3
5 3
1 16
5 1
1 10
5 2
5 3
4 0
5 0
5 2
3 5
5 1
5 0
5 0
5 0
3 0
2 0
2 5
5 0
5 0
5 0
5 0
5 0
5 0
2 1
5 0
5 1
1 8
5 0
5 1
5 12
5 0
5 2
5 1
2 6
5 2
5 2
1 7
5 0
5 3
5 4
1 6
4 2
4 1
4 2
5 0
5 5
1 11
5 1
5 1
5 0
4 1
4 0
5 2
1 13
5 0
5 1
5 2
5 0
4 1
4 0
4 1
5 4
5 0
5 0
2 0
4 0
5 0
5 1
5 0
5 1
5 0
5 2
5 1
4 0
5 1
4 1
5 0
2 1
5 0
5 2
3 6
3 2
4 1
5 2
4 11
1 10
5 3
5 1
5 1
1 9
3 3
4 2
5 1
1 5
5 0
5 0
5 9
5 1
5 1
5 1
5 2
5 1
5 0
5 24
5 1
1 5
5 2
5 1
5 1
3 2
5 2
5 2
3 6
5 0
5 26
5 0
5 0
5 40
5 3
4 1
2 7
5 1
1 5
1 6
5 3
5 1
5 2
1 6
1 1
5 2
3 12
5 0
5 2
3 1
5 0
5 3
4 2
2 4
5 4
5 0
5 10
5 3
4 1
4 3
5 2
5 14
5 0
5 6
5 6
2 21
5 0
5 7
3 0
5 2
1 6
5 1
5 0
1 8
5 1
5 19
5 0
5 0
5 12
1 15
2 4
5 0
5 282
5 16
4 2
5 4
5 3
5 0
5 4
1 6
5 0
2 2
3 1
5 0
1 2
5 0
5 0
5 0
4 40
5 0
5 1
1 7
5 7
5 7
1 10
3 2
3 1
3 32
5 0
5 0
5 0
5 0
5 1
3 0
5 0
5 0
5 0
5 0
1 2
3 0
5 0
1 4
5 0
5 0
5 0
4 0
5 0
1 4
5 0
5 0
2 1
4 0
5 0
5 0
3 0
5 0
5 0
4 0
5 0
5 0
3 4
5 0
5 0
5 0
5 0
5 0
5 0
2 0
4 0
5 0
5 0
5 0
1 2
5 1
5 0
5 0
5 0
1 4
5 6
2 0
3 2
5 0
5 7
5 0
5 0
5 0
5 0
3 0
5 0
2 1
4 0
5 0
5 0
1 6
2 1
