5 3
2 3
5 2
5 2
5 2
5 1
5 1
5 0
5 0
5 0
5 0
5 1
5 1
5 2
5 1
5 1
5 1
5 1
5 0
5 0
5 1
5 0
5 1
5 0
4 4
5 1
5 1
5 1
5 0
5 1
5 2
4 1
5 1
5 1
5 1
4 2
5 3
4 2
4 1
5 1
5 1
3 1
5 1
5 2
5 3
4 2
5 2
5 2
5 0
5 0
4 0
5 0
3 6
5 0
5 2
5 1
5 0
3 4
5 2
5 3
5 1
5 1
4 3
5 2
2 12
5 2
2 14
5 1
4 1
5 1
5 2
5 7
4 87
5 1
5 1
5 0
5 2
5 2
5 1
5 1
5 0
5 2
1 3
5 1
4 1
5 1
5 1
5 3
5 1
5 1
5 2
3 1
5 2
5 3
4 1
5 2
5 2
5 2
5 2
5 1
4 1
5 1
5 1
4 2
5 1
5 1
5 2
5 1
5 1
3 1
5 1
5 1
5 1
5 1
5 2
4 1
5 1
5 2
5 2
5 2
5 2
5 1
5 1
5 1
5 2
5 2
5 2
3 1
5 2
5 2
5 2
5 2
1 8
5 2
5 2
5 1
5 2
5 2
5 1
3 1
5 2
4 1
5 1
5 1
4 1
2 2
5 1
5 2
5 1
5 4
5 1
5 1
3 2
5 2
5 2
5 1
5 1
5 1
5 2
5 1
5 2
5 1
5 4
5 1
5 1
5 1
5 0
5 1
5 0
5 0
5 1
5 1
5 1
5 1
5 1
5 1
5 1
5 1
5 1
5 1
5 1
2 3
5 0
5 4
2 3
5 0
4 0
1 10
4 1
3 2
5 0
5 1
5 1
5 0
1 2
5 0
5 1
5 1
5 1
5 1
5 1
5 0
5 1
4 1
5 1
5 1
5 1
5 1
5 0
5 0
4 0
5 0
5 2
5 1
5 0
4 0
5 0
5 0
4 0
5 0
5 1
5 8
5 1
4 0
4 0
1 7
5 0
5 0
5 0
5 0
5 0
5 0
4 0
5 1
5 0
4 0
5 0
5 0
5 0
5 0
5 0
5 0
5 0
5 0
5 0
2 6
5 0
5 0
5 0
3 6
5 0
5 0
4 0
5 0
5 1
5 1
5 0
5 0
5 0
5 0
1 3
5 0
4 0
5 1
4 0
5 0
5 0
5 0
3 0
5 0
5 2
5 2
4 0
5 4
4 0
5 0
5 0
5 0
5 0
5 0
5 0
5 0
5 0
5 0
3 0
5 0
5 0
5 0
5 0
5 0
5 0
5 0
5 3
5 1
5 1
5 0
1 40
4 0
4 0
5 0
4 0
5 0
5 0
5 0
5 0
5 0
5 0
5 0
5 0
5 0
5 0
5 0
5 0
4 1
5 0
5 0
5 0
5 0
5 0
5 0
5 0
4 0
5 0
3 0
5 1
3 1
5 1
5 4
5 3
5 1
5 0
5 0
5 1
5 1
5 0
5 0
5 1
5 0
4 0
5 0
5 0
5 0
4 0
5 0
5 0
5 0
4 0
3 2
5 0
5 0
3 0
5 0
4 3
3 0
5 0
5 7
5 1
5 0
5 0
4 0
5 0
5 0
5 0
5 1
5 0
5 0
5 2
5 0
5 0
5 0
4 0
5 1
5 0
3 4
5 3
5 1
5 1
5 0
5 0
5 0
4 0
4 0
5 1
5 0
5 2
5 2
5 2
4 0
5 0
5 1
5 0
5 0
5 1
5 0
5 0
5 0
4 0
5 0
5 0
4 0
5 0
5 0
5 0
5 2
5 1
5 0
4 0
5 1
5 4
5 1
5 1
3 0
4 4
5 1
5 1
5 0
5 1
5 0
5 0
5 0
5 0
5 0
5 0
5 0
5 0
5 0
5 0
5 0
4 0
5 0
5 0
1 20
5 2
5 0
5 0
5 2
5 2
5 1
5 0
5 0
4 2
5 0
5 0
4 1
5 0
5 0
1 16
5 0
5 0
5 0
5 0
5 0
5 0
5 0
5 0
5 0
5 1
5 0
5 0
1 23
5 0
5 1
5 0
5 0
5 0
2 8
5 0
5 0
5 1
5 0
5 0
5 0
5 0
5 0
5 3
5 1
5 0
4 0
5 0
5 1
5 0
5 0
5 0
5 0
5 0
5 0
5 1
5 0
5 0
5 0
5 0
5 0
5 0
5 4
5 0
5 1
5 0
4 0
5 2
5 0
5 0
5 0
5 1
5 0
5 0
5 0
5 0
5 0
5 3
4 2
5 1
5 2
5 0
5 0
5 0
5 1
5 0
5 1
5 0
5 0
5 0
5 0
5 0
5 0
5 0
5 1
5 0
5 0
2 5
5 0
5 1
5 0
5 1
5 3
5 2
5 0
5 0
5 0
5 0
5 0
5 0
5 1
5 2
5 0
4 0
5 9
5 0
5 0
5 1
5 0
5 0
5 6
5 0
5 3
5 0
5 0
5 0
4 0
4 0
4 0
4 0
5 0
4 4
4 0
5 0
4 1
5 1
5 0
5 0
5 2
5 0
5 1
5 1
5 1
5 0
5 0
4 1
4 0
5 0
5 0
5 1
5 2
4 0
4 3
5 0
5 2
5 0
5 0
5 0
5 1
5 0
5 2
5 0
5 0
5 1
5 2
5 1
5 2
5 0
5 2
5 1
5 0
5 2
5 0
3 4
5 3
5 0
5 1
5 1
5 1
5 0
5 0
5 0
4 1
5 0
5 0
5 3
5 0
5 0
5 1
5 1
5 3
5 0
5 0
5 1
5 0
5 3
5 0
5 3
5 0
4 0
5 0
5 0
5 0
5 0
5 0
4 1
5 0
4 2
5 3
5 3
5 0
5 18
4 2
5 1
5 0
5 0
5 0
5 1
4 11
5 0
5 1
5 0
5 4
5 0
5 1
5 0
5 0
5 2
5 0
5 1
5 0
5 0
5 1
5 1
5 1
5 2
5 0
5 1
5 2
5 2
5 0
5 1
5 0
5 0
5 0
4 1
5 2
4 18
3 0
5 2
5 50
5 1
5 1
5 0
5 1
5 0
4 0
5 0
5 0
5 4
5 1
5 4
5 0
4 1
5 0
5 3
2 10
4 0
4 2
5 1
3 2
5 1
5 1
4 0
5 0
5 2
5 0
5 0
5 1
5 4
5 1
5 2
5 0
4 0
5 1
5 0
5 0
5 2
5 1
5 0
5 1
5 1
5 0
4 0
5 0
5 2
5 0
5 96
5 0
2 4
5 8
5 2
5 3
5 1
2 5
5 1
5 1
5 0
1 3
5 1
5 0
5 0
5 1
1 7
5 0
