1 31
5 0
2 4
5 0
4 0
5 1
2 7
3 2
1 18
3 3
1 8
5 0
1 37
3 2
5 0
3 1
4 0
3 1
5 0
4 0
5 0
4 0
5 1
3 0
2 15
5 0
2 11
5 0
3 1
1 22
4 1
4 4
3 3
2 4
4 1
2 11
5 0
5 0
5 0
5 0
2 4
5 1
5 0
4 4
5 0
3 0
3 1
1 4
5 1
5 0
4 0
5 4
4 1
4 2
4 0
5 1
5 3
5 0
5 1
1 7
5 0
5 0
3 1
1 14
2 2
3 0
2 7
4 1
4 2
5 2
1 12
2 3
5 0
2 5
5 0
5 3
5 3
4 0
4 1
5 0
4 0
5 0
3 2
5 0
4 1
5 2
3 4
2 7
3 2
4 2
5 4
5 1
5 1
4 1
3 3
5 5
3 0
3 2
5 2
4 0
3 2
4 2
5 0
5 3
5 0
2 17
3 2
3 3
5 1
2 4
4 2
5 1
5 1
3 2
1 9
4 2
1 9
3 3
4 3
4 0
5 0
5 1
5 0
5 0
4 0
5 1
1 5
3 3
5 1
4 1
5 0
5 0
4 1
5 0
4 1
4 2
5 1
4 1
4 0
5 1
5 0
4 0
4 0
5 0
5 1
5 2
3 4
5 0
4 0
5 1
2 0
4 3
5 1
1 23
1 9
5 0
3 6
4 0
4 1
2 6
3 4
5 3
5 6
2 4
4 1
5 0
5 0
2 5
5 0
4 0
5 1
2 8
3 1
5 0
4 0
3 1
5 0
5 0
5 1
2 2
1 41
1 73
2 21
3 3
4 1
4 0
5 3
5 0
4 1
5 2
5 2
5 1
4 3
4 1
5 0
5 0
5 0
5 0
1 15
5 3
5 2
4 1
5 2
5 1
3 0
4 0
4 5
4 1
3 3
5 0
5 1
5 1
5 0
4 1
5 0
5 1
5 1
2 2
3 4
5 2
4 1
1 6
3 0
4 1
3 1
5 0
5 1
2 1
3 1
2 4
5 0
4 1
3 1
4 0
4 0
1 34
2 3
4 0
3 4
3 1
1 5
2 5
5 0
4 0
3 0
1 13
3 1
5 1
5 1
4 0
1 7
5 2
5 1
3 2
5 0
4 0
4 1
2 3
3 2
5 0
5 0
3 2
5 0
1 11
5 0
4 1
5 3
4 1
5 2
3 0
2 5
4 0
5 3
3 1
2 8
2 6
4 1
5 0
5 0
5 1
3 0
4 1
5 0
3 1
4 3
4 0
2 6
4 0
4 3
5 3
5 0
5 2
4 0
5 0
5 0
5 0
5 2
1 17
5 1
1 49
5 2
4 10
5 2
4 1
5 1
5 3
5 3
3 1
5 2
5 0
4 0
5 2
4 1
5 2
1 7
5 0
2 16
5 0
1 4
4 2
1 6
3 4
4 0
4 1
4 1
5 3
5 1
3 2
2 4
1 25
2 6
5 0
4 1
5 3
4 0
1 6
5 2
1 6
5 1
3 3
5 1
2 5
5 0
5 0
5 1
5 0
2 0
5 0
2 2
3 1
4 1
5 1
5 1
5 1
2 8
3 0
3 0
5 1
5 4
4 2
1 4
5 1
5 0
2 1
3 2
5 1
4 3
5 2
5 0
4 0
4 1
3 0
5 3
5 0
5 0
2 9
5 1
5 0
1 10
5 10
3 3
5 1
4 0
5 1
1 9
5 0
2 5
1 22
5 1
2 6
5 0
3 2
5 2
5 1
4 3
2 16
4 0
4 1
5 1
4 2
5 5
2 3
3 2
4 0
3 5
4 1
4 0
5 0
5 1
5 1
5 0
5 0
4 0
4 0
4 2
5 0
1 20
2 5
5 2
5 3
5 1
5 0
2 10
2 21
5 1
5 0
4 0
5 0
4 0
1 17
5 1
5 1
4 0
3 0
4 1
5 0
1 6
5 1
2 2
4 2
4 0
1 13
4 0
3 1
3 0
3 1
4 0
5 0
2 2
1 7
5 0
5 0
4 0
2 3
4 0
4 2
5 0
4 2
5 3
4 1
1 3
5 2
3 26
1 19
2 12
4 1
4 1
5 1
5 2
4 0
4 1
4 2
5 1
2 7
2 5
3 4
4 0
4 1
5 1
2 13
3 2
5 0
5 1
4 0
4 3
3 4
4 0
4 0
4 0
5 0
5 0
5 3
3 1
1 12
5 1
3 2
5 1
5 0
5 1
3 5
5 0
4 2
4 0
5 4
1 10
4 3
5 2
1 16
1 15
3 5
5 2
4 2
5 1
4 1
5 3
5 5
3 8
5 1
3 0
5 1
1 29
4 3
4 1
2 4
5 3
1 10
4 2
1 18
5 3
2 10
3 6
3 1
4 2
4 4
5 3
4 1
3 0
4 3
3 0
5 1
3 1
5 0
4 5
3 2
4 2
4 0
2 4
1 11
5 0
5 1
4 0
5 3
5 0
4 1
5 1
1 9
3 6
1 6
5 2
3 14
5 2
5 0
5 0
5 0
4 0
3 1
4 3
5 1
4 0
3 0
4 1
4 5
4 0
5 0
3 1
4 1
5 0
5 1
5 0
2 4
4 1
5 1
5 0
2 3
4 0
5 0
5 0
4 3
5 1
2 6
1 5
3 1
4 1
4 1
2 0
1 8
5 1
4 1
5 2
4 1
1 5
5 0
3 0
3 0
4 0
3 3
3 0
3 1
5 1
5 0
3 2
3 0
3 3
4 1
5 6
2 2
3 29
5 0
3 1
5 0
5 5
5 0
4 3
3 0
5 2
2 12
5 1
5 1
1 16
5 9
4 3
4 0
4 4
2 0
4 2
5 3
3 1
4 2
2 0
4 1
3 2
5 1
3 1
5 2
5 1
4 1
4 2
2 2
5 2
3 1
3 4
5 4
5 1
4 3
3 1
5 0
3 0
3 1
4 2
4 4
5 1
3 0
4 2
5 0
2 1
5 1
4 1
5 0
3 2
3 0
2 8
5 0
4 1
2 2
3 4
5 7
2 3
3 7
5 1
5 4
5 0
1 19
4 0
4 1
5 1
4 0
4 0
4 4
2 4
3 1
1 7
1 11
4 1
5 3
1 78
1 3
5 0
2 10
4 0
4 3
3 0
4 2
4 1
4 2
4 2
1 2
3 1
2 1
3 0
2 0
4 11
4 1
5 2
5 2
5 2
4 2
2 0
5 2
1 8
4 2
3 0
5 1
1 7
4 3
5 2
5 3
4 0
5 0
5 1
2 5
4 2
4 5
5 0
1 3
1 3
5 2
5 2
1 3
4 1
2 6
1 9
1 5
5 27
5 3
5 4
4 2
3 0
4 0
3 0
4 0
5 0
5 0
3 2
3 1
1 3
1 1
1 8
1 7
5 0
1 3
5 6
5 0
4 2
4 0
4 0
1 3
5 5
2 4
1 2
1 6
1 3
2 4
1 13
3 0
5 4
4 2
3 0
5 0
4 1
5 2
2 2
3 2
2 1
1 2
4 1
2 0
5 1
3 1
4 1
5 1
5 2
5 0
5 2
2 5
5 1
3 2
2 0
4 2
5 1
5 1
1 1
5 0
5 3
5 2
1 7
2 2
2 3
4 2
4 1
5 15
4 1
5 1
5 2
5 7
5 0
3 2
5 0
5 0
5 0
3 3
4 0
5 0
5 0
5 1
3 0
5 2
5 0
5 0
5 5
5 2
5 0
5 0
4 1
4 0
1 7
4 1
5 15
5 0
4 2
5 0
4 1
5 1
4 0
2 4
3 0
1 6
1 15
5 0
3 0
4 1
4 0
5 1
5 0
5 0
3 2
5 0
5 0
5 2
5 2
4 1
3 1
5 4
4 2
4 1
5 0
1 5
1 1
5 0
3 5
5 0
1 7
3 2
5 0
3 0
3 0
3 1
5 0
5 1
5 0
5 0
2 0
4 0
5 0
5 0
5 0
5 1
3 0
3 1
3 0
5 0
3 1
4 2
4 0
5 1
5 0
4 1
1 25
1 3
5 1
4 0
1 2
4 2
3 1
5 1
3 3
5 1
5 1
5 1
4 2
4 3
4 0
5 1
5 4
5 2
2 5
5 1
5 68
4 0
5 0
4 0
3 5
1 2
5 0
4 1
4 2
1 5
1 9
5 1
5 0
3 4
5 0
5 4
1 5
5 2
4 1
3 4
5 1
3 3
2 2
5 0
5 0
4 1
5 1
2 3
3 2
5 2
3 0
4 1
3 2
5 2
5 0
5 1
3 0
4 0
1 6
5 0
5 3
5 3
5 3
4 56
3 1
5 4
5 0
5 0
5 0
3 2
3 1
5 4
4 2
5 1
4 2
5 0
3 1
3 1
4 1
5 1
4 1
5 0
5 0
1 6
5 0
5 1
5 0
5 0
5 1
4 2
3 2
5 0
2 6
1 14
5 8
5 1
3 5
5 1
4 5
5 2
5 2
4 3
1 5
5 3
5 1
5 2
5 1
3 1
4 3
2 2
5 1
5 2
1 17
2 7
1 159
4 0
5 5
1 16
3 4
1 8
5 0
5 3
4 14
5 4
4 2
5 3
1 3
4 2
5 0
4 2
4 13
5 3
5 0
4 23
5 4
3 1
4 2
3 3
1 12
4 6
3 4
4 1
5 1
4 1
5 2
5 3
5 0
5 0
4 1
5 0
5 0
3 3
1 7
5 1
2 7
4 2
3 0
4 19
3 5
3 4
2 7
5 0
5 0
3 4
3 1
4 2
4 1
5 0
5 0
3 2
5 1
5 1
3 3
5 2
3 0
2 4
1 6
3 1
5 0
5 2
5 0
4 3
3 3
3 10
2 3
3 2
5 0
5 0
3 2
5 0
5 1
3 4
3 1
5 1
5 0
4 0
1 4
3 2
5 0
2 3
5 2
5 1
2 1
1 1
5 1
1 2
1 3
1 5
5 0
4 0
5 3
3 0
4 4
5 0
5 8
5 8
2 6
5 0
5 0
4 3
4 1
3 3
4 2
5 0
5 1
2 5
2 2
5 2
5 0
4 1
4 0
5 0
5 3
3 5
2 4
4 2
3 0
5 1
3 2
4 0
5 3
4 0
5 2
5 2
4 4
4 0
3 3
5 0
3 0
4 0
5 3
5 10
5 0
1 18
5 319
3 5
3 1
3 0
4 17
4 2
3 1
5 5
3 4
5 11
4 19
5 16
2 7
5 2
5 4
5 141
5 126
1 7
5 0
4 3
2 1
5 2
5 8
5 2
2 0
4 2
3 5
5 5
5 3
5 4
5 5
5 3
5 0
4 1
5 0
5 0
3 2
4 4
5 0
5 1
4 1
5 0
4 1
1 6
5 0
5 0
2 4
1 12
5 1
3 8
2 0
