5 0
5 0
5 1
5 3
5 1
1 5
5 0
5 1
1 9
1 42
5 0
5 0
5 1
2 5
5 0
4 0
2 14
5 1
1 12
5 0
5 1
1 11
3 4
2 5
4 0
5 2
5 3
4 0
5 3
5 3
5 1
5 2
5 1
5 0
4 0
5 5
5 0
3 1
4 0
5 2
4 1
4 1
2 4
5 1
5 1
2 0
1 6
5 1
5 0
5 1
5 1
5 0
5 0
5 0
3 1
5 1
4 0
5 1
1 3
4 0
5 0
5 2
1 8
5 0
5 0
5 1
5 0
4 0
5 0
5 1
5 0
5 0
5 1
1 8
5 1
1 22
5 0
5 1
4 0
4 1
2 4
4 1
5 1
4 0
4 0
5 0
5 0
5 0
4 3
3 0
1 3
4 3
2 8
2 12
5 1
1 4
4 0
5 0
4 1
1 3
1 7
5 0
2 4
1 8
5 0
5 0
5 1
4 2
5 1
5 0
1 2
5 0
5 1
5 1
4 0
5 1
5 1
4 1
2 6
5 0
5 1
5 0
4 0
5 1
5 0
3 0
2 1
5 2
5 1
5 0
4 1
4 2
1 4
5 0
3 1
2 3
3 1
5 1
5 0
5 1
2 2
3 3
5 6
4 0
3 1
5 0
3 5
2 2
5 0
3 5
5 1
5 1
2 4
3 1
5 0
3 0
4 2
5 0
5 0
5 6
5 0
4 0
5 0
2 1
4 1
5 0
4 1
5 0
4 0
4 0
2 6
4 0
5 0
2 2
5 1
5 0
4 0
4 0
5 1
4 1
3 0
5 1
5 3
5 0
5 1
1 9
5 0
5 0
5 0
2 3
4 0
5 0
5 0
5 0
4 0
2 1
5 0
3 0
1 17
4 0
5 0
5 0
5 365
5 0
5 0
5 0
5 0
5 0
5 0
5 0
3 293
5 3
4 0
5 3
5 0
5 0
1 4
4 0
5 0
5 0
5 0
4 1
1 4
2 3
5 1
5 0
5 0
5 0
5 8
5 0
5 0
5 0
5 0
5 0
3 1
3 0
5 0
5 0
5 0
5 2
5 0
5 1
5 1
5 0
5 0
1 10
4 5
1 9
5 0
5 0
4 0
2 2
5 0
5 0
5 0
5 0
5 1
5 1
5 2
5 0
5 1
5 2
3 8
5 1
4 0
5 1
5 0
5 6
5 2
5 0
5 0
5 7
1 4
5 1
5 2
5 0
5 0
5 1
4 0
5 1
5 2
4 0
1 10
4 0
5 0
5 0
4 0
5 0
4 7
4 0
5 0
5 0
4 1
5 2
4 0
5 0
5 0
3 0
4 0
2 13
5 1
5 0
1 6
5 0
4 0
5 0
4 1
5 0
5 2
4 0
4 3
5 0
4 0
2 4
1 10
5 1
5 1
5 1
5 1
1 3
5 1
5 0
5 0
5 2
4 0
3 5
5 0
5 0
4 0
5 1
5 119
5 1
4 6
5 2
5 0
4 3
5 1
5 3
5 0
5 1
5 0
5 0
4 3
2 1
5 3
1 7
1 14
5 5
5 2
5 1
2 3
5 1
2 1
5 0
5 5
4 2
4 0
3 0
5 0
5 3
5 2
5 2
5 0
3 0
5 0
1 2
5 0
5 2
4 3
2 16
5 0
5 1
5 0
1 8
4 1
1 3
3 1
1 4
5 0
4 1
1 5
4 1
1 13
4 4
1 7
5 0
4 0
4 0
4 7
4 1
5 0
3 0
5 1
5 1
4 5
4 0
5 0
4 0
4 0
4 0
2 4
4 0
1 5
5 0
5 1
5 0
4 6
3 0
4 1
5 0
5 0
5 0
5 0
5 0
5 1
5 0
5 0
5 0
5 0
1 7
2 5
5 3
5 0
4 0
4 0
5 7
4 0
4 0
5 0
5 0
4 0
4 0
2 4
5 1
2 7
5 6
5 36
4 4
5 3
5 2
5 0
5 1
4 1
5 0
5 0
5 2
5 0
5 5
1 5
5 2
4 0
5 9
5 5
5 0
5 1
4 1
5 3
1 13
5 1
5 6
5 4
5 2
5 0
5 1
3 0
5 2
1 5
4 3
2 2
1 8
5 1
5 0
5 0
5 1
5 0
5 0
5 0
3 1
4 0
5 1
5 0
3 1
5 0
5 0
5 0
2 5
1 1
5 0
5 0
5 1
5 0
5 1
5 2
5 2
4 2
5 0
2 3
5 2
5 0
5 2
5 0
4 2
5 0
1 7
5 0
5 0
5 0
4 0
5 0
5 0
3 0
1 2
5 0
1 0
5 0
1 1
2 0
4 0
4 0
1 10
1 2
5 0
1 1
1 4
4 0
4 0
5 0
5 0
5 0
5 0
2 1
4 0
1 6
1 10
5 0
5 0
4 0
1 2
4 0
5 0
5 0
1 2
5 0
1 2
4 0
1 3
1 2
4 0
5 0
1 4
5 0
5 0
2 0
1 1
5 0
5 0
5 0
3 0
5 0
5 0
5 0
2 4
5 0
4 0
5 0
5 0
5 0
4 0
4 0
5 0
1 5
5 0
5 0
4 0
5 0
2 1
5 0
2 0
5 0
2 0
4 1
1 5
5 0
5 0
4 0
4 0
4 0
1 1
1 8
1 1
5 1
5 0
5 0
4 0
5 0
5 0
5 0
4 0
5 0
5 0
3 0
2 1
5 0
2 1
5 0
5 0
5 0
4 0
5 0
5 0
4 0
5 0
5 0
5 0
2 0
5 0
3 0
5 0
