5 3
5 1
5 0
5 0
4 0
5 0
3 1
4 2
5 2
3 2
4 3
5 2
5 0
4 1
1 11
5 1
5 0
5 1
2 2
1 3
5 1
5 1
5 1
4 0
4 0
5 1
5 3
5 3
5 2
5 1
3 3
5 1
5 0
5 0
5 0
4 0
5 1
5 0
4 0
5 1
4 0
4 1
5 0
5 0
4 0
5 0
5 0
5 1
5 1
5 1
5 3
5 6
5 0
4 0
4 0
5 3
5 0
5 0
4 2
5 1
5 1
5 1
5 0
4 3
4 0
5 0
5 2
4 0
5 0
5 1
4 0
5 0
5 0
4 0
4 1
5 0
5 0
5 0
5 1
5 0
5 0
5 0
3 4
5 1
5 0
2 29
4 3
4 0
3 16
5 0
5 0
4 0
5 0
5 1
5 0
5 0
5 2
2 4
4 1
5 0
4 1
5 0
5 0
5 0
5 0
5 0
3 2
2 1
5 1
5 3
2 8
5 1
5 1
3 0
5 0
5 0
5 1
1 9
4 1
5 2
5 0
2 6
5 1
5 0
1 15
5 0
4 2
4 0
1 6
4 0
5 1
5 0
4 1
5 0
5 1
1 11
4 2
5 1
5 0
1 9
3 7
5 0
1 25
1 6
5 1
5 2
5 2
5 4
5 1
4 1
2 3
5 0
4 0
5 0
5 0
5 0
4 0
4 0
4 0
4 0
4 0
5 0
5 1
5 1
5 0
2 21
5 1
5 0
4 0
5 0
5 0
5 1
5 0
4 0
5 0
4 0
1 3
3 0
5 0
4 0
5 0
5 0
5 0
5 0
5 0
4 0
5 0
5 0
5 0
2 4
5 0
5 0
5 1
5 0
1 5
5 3
5 1
5 0
5 0
5 4
5 2
5 1
5 0
5 3
5 0
5 0
5 0
5 0
5 0
4 0
5 0
1 11
5 1
5 0
1 5
4 1
5 1
4 0
2 3
5 0
5 0
5 1
5 0
5 0
5 0
5 0
5 0
1 12
4 0
5 3
4 2
5 0
5 0
5 1
5 0
5 1
5 0
4 0
4 0
5 0
5 0
5 1
5 0
5 0
4 0
3 1
2 14
3 4
5 0
1 5
5 30
5 0
5 0
3 3
5 0
5 0
5 0
5 0
5 1
5 2
3 1
5 1
5 1
2 8
5 1
5 8
5 0
5 0
5 3
5 0
5 0
5 84
5 0
5 0
5 0
5 0
4 99
5 0
5 1
5 0
5 0
5 0
5 0
5 0
5 0
5 0
5 0
5 0
4 0
3 20
5 0
4 6
5 3
4 1
4 0
1 5
5 0
4 0
2 6
5 1
5 1
5 1
3 2
5 0
4 0
5 0
5 0
5 0
5 0
5 0
5 0
5 0
1 8
5 0
5 1
5 0
5 2
5 0
5 0
3 0
5 1
4 1
5 1
4 0
5 1
5 0
4 3
5 2
5 3
4 1
4 0
5 1
4 1
1 19
5 1
4 0
5 1
3 1
5 1
5 1
5 1
5 0
5 0
5 0
5 0
5 3
5 1
5 0
5 0
2 2
5 1
5 8
4 7
5 0
5 0
4 0
5 0
5 0
3 1
5 0
5 0
4 2
4 0
5 1
4 0
5 0
5 0
5 0
5 0
5 1
4 0
4 2
5 0
5 0
3 5
5 0
4 0
4 2
5 1
2 1
5 0
5 1
5 0
5 0
5 0
5 1
3 3
2 5
5 0
5 0
5 1
5 1
5 7
5 0
5 0
3 3
5 0
5 0
5 0
5 0
5 0
5 1
5 0
5 1
5 0
5 0
5 0
5 1
5 2
5 0
5 0
4 1
4 0
5 1
5 0
5 0
5 0
4 0
4 0
5 0
5 0
5 0
3 2
5 0
5 0
5 0
2 23
5 1
1 7
5 5
5 0
4 1
2 1
5 0
5 0
5 2
5 0
5 0
3 1
1 7
5 13
5 2
5 1
4 0
4 2
4 0
5 1
5 2
5 0
5 0
5 0
5 0
5 0
4 0
5 2
5 1
4 1
5 1
5 0
5 0
5 0
5 0
5 0
4 0
4 0
5 1
5 1
5 1
5 1
5 0
4 0
5 0
1 2
3 0
5 2
5 1
5 0
5 0
5 0
5 0
5 2
5 1
2 5
5 0
5 1
5 0
5 0
5 0
5 1
5 1
5 0
4 1
5 0
5 1
3 0
5 1
5 0
5 0
5 0
5 1
5 0
5 1
5 0
3 0
5 1
4 0
5 0
5 0
5 0
5 0
5 1
5 0
5 0
4 0
5 3
5 11
5 0
5 0
5 0
5 1
5 0
4 0
5 0
5 0
4 0
5 0
5 0
4 3
5 0
5 3
5 0
5 0
5 0
5 0
1 6
5 0
5 0
3 2
5 0
3 1
5 0
5 0
5 0
1 4
5 1
5 0
5 0
4 1
5 0
5 9
5 0
5 0
5 1
5 177
5 0
5 1
5 1
5 0
5 6
5 0
5 0
5 0
5 0
5 1
5 1
5 1
5 0
5 0
5 0
5 0
2 1
5 0
5 0
1 8
5 0
3 8
5 0
5 0
5 0
5 1
5 0
5 0
5 0
2 2
4 1
5 1
5 1
5 0
5 1
5 0
5 0
5 0
5 0
1 1
3 0
5 0
3 0
5 0
3 0
5 0
4 1
5 0
5 0
5 1
5 2
5 1
5 0
5 0
5 0
5 0
5 0
5 3
5 0
5 0
5 0
4 0
1 2
5 0
5 0
5 0
3 0
5 2
4 82
5 0
5 0
5 2
5 2
4 1
5 1
5 2
5 1
4 2
5 0
5 0
3 0
5 0
5 0
4 0
5 2
5 1
5 0
3 0
5 0
5 0
4 0
5 0
5 0
5 2
5 4
5 1
5 0
5 0
5 0
5 1
5 0
5 0
5 0
5 0
5 0
5 0
4 0
5 2
5 0
5 21
5 0
5 0
5 0
5 0
4 0
5 0
5 0
5 0
5 0
5 0
4 0
4 0
5 0
5 0
1 9
5 0
5 0
5 993
5 0
5 2
5 0
5 0
5 1
5 0
4 0
4 0
4 0
4 1
5 0
5 0
5 5
5 0
4 1
5 0
5 0
4 0
5 0
4 1
4 7
5 5
4 1
4 1
5 0
5 0
5 0
5 0
5 0
4 0
4 0
5 0
5 1
4 0
5 1
5 0
5 0
5 0
3 3
5 0
5 1
5 2
5 0
5 3
4 0
5 0
5 0
5 0
5 1
5 2
5 0
5 2
5 2
5 0
4 1
4 11
5 17
2 4
5 3
5 1
5 1
5 0
5 0
5 0
4 1
5 0
5 1
5 2
5 3
5 0
2 2
5 0
3 2
5 1
5 0
5 0
5 0
5 1
5 2
5 2
4 2
5 0
5 0
5 1
5 1
5 1
5 0
5 0
5 1
5 1
5 0
5 4
5 0
1 11
5 0
5 0
5 0
5 3
5 0
5 0
5 1
5 0
5 4
1 5
4 0
5 2
5 9
5 0
4 2
3 0
4 2
3 0
4 4
4 4
4 4
4 2
5 0
4 0
5 198
4 0
4 6
5 0
4 1
4 0
5 4
5 2
5 9
5 2
5 8
1 9
4 2
5 1
5 0
5 0
1 3
1 6
5 0
5 0
5 0
5 0
5 0
5 3
5 0
5 0
5 0
4 0
5 0
5 0
5 1
5 0
5 0
5 0
5 0
4 0
5 0
5 0
5 0
5 0
4 0
5 0
5 0
3 0
4 0
5 0
5 0
5 0
4 0
5 0
5 0
5 0
5 0
5 0
1 1
5 0
5 0
5 0
5 0
5 1
5 0
3 0
5 0
5 0
4 0
5 0
5 1
5 0
3 0
