5 1
5 4
4 1
5 3
5 2
5 2
4 1
5 1
5 1
3 4
5 0
4 0
5 0
5 0
3 10
5 4
5 3
4 2
5 1
5 1
3 2
2 1
5 4
5 0
4 17
5 2
5 2
5 1
4 2
5 2
5 1
5 0
5 4
5 0
1 11
5 2
5 1
5 0
5 0
5 0
5 1
5 0
5 0
3 5
5 1
5 0
5 111
5 1
2 8
5 2
5 1
5 2
4 3
1 8
3 3
5 3
5 0
5 9
2 5
5 1
5 0
5 1
5 0
4 1
4 1
5 1
3 5
1 72
5 1
4 1
5 4
3 0
5 1
5 1
5 2
4 1
5 6
5 3
5 1
5 1
4 2
4 2
5 1
5 2
5 1
4 0
4 0
5 2
3 5
5 3
4 4
5 1
4 1
5 1
3 1
4 5
5 3
5 2
5 3
5 3
5 0
5 1
4 3
5 3
3 1
5 1
5 3
5 0
3 1
1 20
5 1
2 3
5 0
3 0
5 3
4 2
5 2
4 1
5 0
5 3
5 2
4 8
5 1
5 1
4 0
5 2
5 0
5 0
4 1
5 0
5 0
4 0
5 0
4 1
5 1
5 0
4 1
4 1
4 1
5 1
4 0
5 0
5 1
5 0
5 0
5 0
5 0
5 0
4 0
4 1
5 1
4 1
4 1
5 1
4 1
5 3
3 1
1 6
5 4
5 1
4 1
5 1
5 1
4 1
5 2
5 0
5 2
3 2
5 3
4 2
5 2
5 1
5 1
5 2
5 1
5 1
5 2
5 1
5 2
3 3
4 1
5 1
5 2
5 2
5 1
5 1
5 2
1 4
3 1
4 2
5 2
5 0
5 0
4 4
5 0
5 0
5 0
4 0
5 1
4 0
5 0
4 0
4 0
5 0
5 1
5 2
5 0
5 1
5 1
5 2
2 1
5 1
5 0
5 1
2 3
5 0
5 0
2 7
5 2
5 3
5 0
5 2
5 0
5 1
5 1
2 5
4 0
4 0
5 1
3 4
1 17
4 0
5 0
5 2
5 1
4 1
5 0
5 0
5 0
1 26
5 3
4 0
1 4
5 0
4 1
5 0
4 0
5 0
5 1
4 0
5 0
5 0
3 0
5 0
5 0
5 1
5 2
4 1
5 0
5 1
5 0
5 0
5 0
5 1
4 0
5 1
5 0
5 1
2 4
4 0
5 1
5 3
5 2
3 0
3 0
5 1
5 2
4 0
5 4
5 0
3 0
4 2
4 1
5 3
5 0
5 0
5 0
5 0
5 1
4 4
5 0
3 0
4 0
5 1
5 4
5 1
5 0
5 0
3 4
5 0
5 5
5 0
1 106
5 0
3 2
5 0
5 0
4 0
4 0
1 10
4 0
4 0
5 0
2 5
4 1
5 0
5 4
4 0
5 0
4 0
5 1
5 0
5 1
4 0
5 0
5 1
5 1
5 1
4 0
5 1
5 0
5 0
3 57
5 1
4 0
5 0
5 0
4 1
5 0
5 1
1 6
5 0
5 1
5 1
5 1
5 2
5 2
5 1
4 2
5 1
5 1
5 0
5 0
5 0
5 0
5 2
2 4
1 2
5 0
5 0
5 0
2 3
4 2
5 0
4 0
5 0
5 2
5 0
5 0
5 0
2 18
4 1
5 0
5 2
4 1
5 0
5 0
5 3
5 12
5 1
5 2
5 0
5 0
4 0
4 0
5 0
5 1
3 3
3 0
5 0
5 0
5 0
5 0
4 0
5 0
5 0
5 1
4 0
5 0
3 2
5 2
5 3
5 1
5 2
5 1
2 1
5 1
5 2
5 0
1 12
5 0
5 3
5 0
4 2
5 2
5 1
1 6
3 4
5 2
4 1
5 1
5 2
1 9
4 3
5 2
4 1
5 1
4 0
5 0
3 0
3 2
5 0
5 0
4 1
4 0
5 1
4 0
4 1
2 1
2 3
5 0
5 2
5 7
2 58
2 2
5 1
5 2
5 1
5 0
5 0
5 1
1 5
5 2
3 3
5 0
5 0
5 8
4 1
4 1
1 65
5 1
4 0
4 3
4 5
4 3
5 0
5 0
5 0
5 0
5 0
5 0
3 0
5 1
5 0
5 0
5 2
5 1
2 40
5 0
5 6
5 3
5 1
3 1
4 2
5 5
4 0
5 0
5 0
5 1
5 3
2 3
5 3
3 6
5 1
5 1
5 3
3 1
5 1
3 0
5 0
5 3
5 1
5 0
5 2
3 1
4 1
5 1
4 0
5 9
5 5
4 1
5 2
5 0
3 0
5 0
5 0
4 0
4 3
4 1
5 5
4 2
2 1
5 0
4 1
5 0
2 3
5 0
5 1
5 2
5 0
4 2
5 5
4 7
5 0
5 1
5 3
1 19
5 1
4 0
4 2
5 0
5 3
5 16
4 2
5 0
5 0
5 2
4 0
1 3
5 2
5 0
5 1
3 6
3 1
5 1
5 0
5 0
5 1
5 0
4 0
5 0
4 3
5 0
4 0
4 3
5 0
5 0
4 0
4 0
5 0
3 2
4 1
3 37
5 0
1 9
4 0
4 0
5 0
4 5
4 0
5 1
2 3
5 0
5 0
5 0
3 3
4 0
5 0
3 0
3 1
5 0
3 0
4 2
4 0
4 4
5 0
5 0
5 1
5 0
2 3
5 0
5 2
5 3
3 3
5 2
5 5
4 1
2 14
5 0
5 0
5 1
5 0
4 0
5 0
4 0
3 27
4 0
4 0
4 3
3 2
4 2
4 1
4 3
4 2
2 18
5 0
5 1
5 0
1 8
1 19
4 1
5 0
5 0
2 9
5 1
4 0
4 1
1 78
5 2
5 0
2 1
4 1
5 0
5 0
5 0
5 0
5 0
4 1
5 2
5 1
4 0
1 24
2 27
5 0
3 0
5 0
2 1
4 0
5 0
5 0
4 1
5 0
5 5
3 1
4 0
4 0
1 3
3 2
5 1
3 3
5 7
5 0
2 39
4 2
5 1
5 3
3 3
5 1
5 5
1 6
1 5
4 0
5 0
3 1
5 0
5 0
5 1
5 1
5 8
5 0
5 0
5 3
5 1
4 2
5 0
5 0
1 5
5 5
5 1
5 7
5 0
5 0
2 8
5 1
5 1
4 0
5 0
5 1
5 0
5 2
5 12
5 0
3 1
5 0
4 0
5 4
5 1
4 2
1 17
4 0
3 1
5 0
5 0
5 1
5 0
5 3
5 2
4 3
4 0
5 0
4 0
5 0
5 0
3 3
5 0
5 4
5 3
5 1
5 1
5 3
2 1
5 0
5 0
5 1
5 1
4 0
5 3
5 19
5 2
5 0
4 3
4 0
5 1
5 1
5 5
5 2
4 0
5 4
4 0
3 1
5 1
4 1
2 7
4 1
4 0
3 1
3 4
5 1
3 1
4 1
5 1
3 5
5 0
5 3
4 2
3 0
4 5
4 0
5 0
5 0
4 1
5 4
5 0
2 3
4 2
5 5
4 0
4 4
5 1
5 1
5 1
5 0
5 13
5 0
3 0
5 0
5 0
5 0
5 0
5 0
4 6
5 0
2 1
4 2
5 0
5 0
2 13
5 3
5 0
5 3
5 0
5 2
5 4
3 4
5 1
5 1
3 0
5 0
3 4
5 2
5 2
5 3
5 8
4 0
4 1
5 0
3 2
5 1
5 0
4 4
2 1
5 0
5 0
5 1
5 2
5 3
5 1
5 9
5 0
5 5
5 1
5 0
3 3
5 60
5 0
4 0
5 6
5 2
5 0
5 11
5 0
5 5
5 0
5 3
4 1
5 1
5 2
5 1
5 0
5 3
4 1
4 4
5 3
5 0
1 12
5 1
5 0
4 2
5 1
5 1
5 0
5 0
3 0
5 0
5 0
3 2
4 1
4 0
4 0
3 1
4 0
5 0
5 0
5 0
5 0
5 0
5 0
5 1
4 1
5 0
5 0
5 0
5 0
5 0
2 6
4 0
4 0
5 0
3 0
5 0
5 0
4 0
5 0
5 0
5 0
4 0
5 0
2 3
5 0
4 0
5 0
5 0
5 0
5 0
5 0
3 0
5 0
4 0
5 0
5 0
3 0
5 0
4 0
4 0
2 0
5 0
4 0
5 0
5 0
5 0
5 0
5 0
5 0
4 0
2 0
3 0
3 0
2 1
5 0
5 0
5 0
5 0
5 0
5 0
3 0
5 0
5 0
1 0
4 0
5 0
5 0
4 0
4 0
5 0
5 0
4 0
4 3
4 0
5 0
5 0
5 0
5 0
2 3
5 0
5 0
5 0
5 0
5 0
5 0
5 0
4 0
5 0
3 0
5 0
5 0
2 1
5 0
5 0
3 0
2 0
1 1
5 0
5 0
5 0
5 0
5 0
2 0
3 0
5 0
5 0
5 0
5 0
1 2
2 0
2 0
5 0
4 0
4 0
4 0
3 0
5 0
2 1
5 0
5 0
3 0
5 0
4 0
5 0
5 0
4 0
4 0
4 0
4 0
4 0
4 0
5 0
5 0
5 0
5 0
5 0
3 0
5 0
5 0
4 0
5 0
4 0
5 0
5 0
4 0
5 0
5 0
4 0
5 0
1 1
4 0
5 0
2 1
5 0
3 0
5 0
5 0
5 0
5 0
5 0
5 0
4 0
5 0
3 0
5 0
5 0
3 0
3 0
5 0
5 0
3 0
4 0
5 0
5 0
3 0
5 0
5 0
5 0
5 0
5 0
5 0
5 0
5 0
4 0
5 0
5 0
5 0
3 0
5 0
4 0
5 0
4 0
5 0
5 0
5 0
5 0
3 0
5 0
5 0
5 0
5 0
4 0
5 0
5 0
5 0
2 0
5 0
5 0
5 0
4 0
3 0
5 0
5 0
5 0
5 0
3 0
5 0
5 0
4 0
4 0
4 0
5 0
5 0
5 0
5 0
5 0
5 0
5 0
5 0
5 0
5 0
5 0
5 0
5 0
5 0
4 0
5 0
5 0
5 0
5 0
3 0
2 0
4 0
5 0
3 0
5 0
4 0
5 0
5 0
2 0
5 0
5 0
5 0
5 0
1 2
5 0
2 0
2 2
5 0
2 1
5 0
4 0
5 0
5 0
5 0
5 0
5 0
5 0
5 0
4 0
1 5
5 0
2 0
5 0
1 4
2 0
5 0
5 0
4 0
3 0
5 0
5 0
5 0
1 2
2 4
3 0
3 0
5 0
5 0
1 6
4 0
5 0
5 0
5 0
5 0
2 0
5 0
2 0
3 0
4 0
1 7
2 0
4 0
2 3
4 0
5 0
3 0
5 0
4 1
5 0
5 0
