5 4
4 5
4 0
5 28
4 8
3 0
2 2
5 2
4 2
5 3
5 3
5 1
3 2
5 1
5 1
3 3
5 4
4 2
5 2
5 4
5 3
5 4
5 4
5 5
4 3
5 3
5 2
5 1
5 2
5 1
5 2
5 1
4 1
5 1
1 5
5 2
5 4
5 1
5 2
1 12
5 1
4 1
5 1
3 2
4 0
4 0
3 7
5 1
2 35
5 1
5 0
5 0
5 0
5 0
5 3
5 3
4 0
3 2
5 0
5 0
3 0
3 0
5 0
4 2
3 1
4 5
5 0
3 4
4 1
3 1
5 1
5 0
5 0
1 5
5 1
1 3
3 1
5 1
5 0
1 5
5 1
5 2
5 0
5 0
4 0
5 8
5 7
1 3
5 2
3 1
5 0
5 0
5 3
2 2
5 1
4 2
4 3
5 0
4 2
5 0
3 0
3 0
4 0
1 6
5 3
4 1
5 0
5 0
5 2
5 1
5 2
4 1
4 0
5 0
5 0
4 1
5 0
5 0
5 0
5 7
1 1
5 0
4 1
5 1
5 0
5 0
3 2
5 1
5 1
4 0
2 4
4 0
5 0
5 0
1 5
5 4
4 2
5 0
5 0
5 0
5 3
5 1
1 11
5 0
5 0
5 3
5 2
3 2
3 0
5 0
2 0
3 0
4 1
4 2
5 3
5 0
3 0
2 266
4 1
4 2
5 0
5 0
5 0
4 0
4 0
4 0
4 0
5 1
4 0
2 0
4 0
4 0
2 0
5 1
4 0
4 0
4 0
4 0
5 0
5 0
4 0
4 0
5 1
3 1
4 2
4 0
4 2
4 3
5 1
5 2
5 1
5 0
5 0
4 1
5 2
5 0
4 1
4 0
5 1
5 0
4 0
1 11
4 0
5 2
4 0
3 0
4 0
3 13
4 0
5 1
4 0
3 1
5 2
5 0
5 3
4 0
5 3
1 2
2 1
5 1
5 0
5 0
5 0
3 0
3 1
5 1
4 4
5 1
5 2
4 2
5 1
3 1
3 2
5 7
5 0
5 0
5 1
5 0
4 0
4 0
1 2
4 1
5 0
5 0
5 2
1 2
5 2
5 1
5 1
5 1
1 5
4 0
5 0
5 2
5 0
5 0
5 4
5 1
5 0
5 2
3 1
5 0
5 0
5 0
5 0
5 0
5 3
4 0
5 0
4 0
5 2
5 0
5 0
5 0
3 0
5 1
5 3
5 0
5 0
5 1
5 2
4 2
5 1
5 5
4 0
5 0
5 5
4 1
4 4
4 2
2 1
3 0
5 6
5 2
5 4
3 0
5 6
5 1
4 0
5 1
5 1
5 1
1 24
5 2
5 1
4 0
2 9
4 1
5 2
5 4
5 2
5 0
4 0
2 1
5 4
4 0
5 1
5 3
5 1
5 769
2 1
2 2
4 1
4 1
5 3
4 2
5 0
4 0
4 5
5 0
4 0
4 4
1 3
5 0
1 6
5 7
5 2
5 8
5 0
4 0
5 1
1 4
4 1
4 1
5 1
2 2
4 4
5 0
4 2
4 0
5 12
4 1
3 0
5 0
3 0
3 1
5 2
4 0
4 0
4 0
5 0
4 4
5 2
5 0
5 3
5 3
3 0
5 3
1 5
2 4
1 35
5 0
3 1
5 0
1 14
5 1
1 5
4 0
1 4
5 1
5 0
3 0
5 38
5 1
4 1
4 0
5 3
3 0
4 1
4 0
2 0
4 2
3 0
4 0
2 3
5 0
5 1
5 8
2 0
5 1
3 0
5 133
5 4
5 5
5 0
5 9
5 1
5 1
5 1
3 2
5 0
5 0
5 0
5 8
4 0
5 1
5 3
5 1
5 9
5 7
5 2
5 2
4 0
5 0
5 2
4 0
1 3
4 0
5 1
5 4
3 0
5 0
4 1
5 0
4 0
5 1
5 0
4 0
4 0
5 1
1 5
5 2
5 0
5 0
4 0
4 1
3 1
5 3
5 0
4 0
3 1
3 0
3 3
4 2
4 1
5 2
2 4
5 3
3 2
3 1
5 2
5 2
5 0
3 8
1 2
5 3
5 7
5 1
5 2
5 4
4 12
5 0
5 3
5 1
5 2
5 0
5 3
5 3
5 0
5 1
5 2
1 6
4 3
4 1
3 5
5 2
1 10
5 4
5 1
4 2
1 2
5 0
5 1
4 2
1 6
5 31
2 3
3 3
5 1
1 10
3 2
2 4
5 7
5 1
5 1
5 4
5 2
5 2
5 1
1 8
5 6
3 1
3 1
3 0
4 2
3 8
5 2
1 1
5 13
5 0
5 3
5 11
5 2
1 3
5 42
5 2
5 0
5 0
4 0
5 0
4 4
5 41
4 0
5 0
1 10
5 0
5 0
5 0
5 0
4 0
1 6
5 1
3 0
5 0
4 0
5 0
2 0
4 0
5 1
2 0
5 0
5 0
5 0
4 0
5 0
4 0
5 0
5 2
1 5
4 0
5 0
3 0
4 0
5 1
5 0
5 0
5 0
5 0
3 0
1 8
1 5
4 0
5 0
5 1
5 0
5 0
5 0
5 0
4 0
5 0
5 0
4 1
5 1
5 0
5 0
5 0
5 0
5 4
5 0
5 2
5 1
5 1
5 0
5 0
