5 1
3 6
4 4
3 3
5 1
5 0
5 1
5 2
5 2
4 1
5 2
5 1
5 0
5 0
5 1
5 1
2 2
4 0
5 1
5 0
4 0
5 0
5 1
5 1
5 2
5 2
2 9
5 2
5 1
5 2
4 0
5 1
5 0
5 0
5 0
5 0
5 1
4 2
5 1
5 3
5 1
5 1
1 6
5 0
5 1
5 0
5 0
5 0
5 1
4 1
5 1
5 1
4 0
5 0
4 0
5 0
5 1
5 1
5 1
5 2
5 1
5 1
4 1
5 2
4 0
5 0
4 0
5 0
2 1
5 0
5 0
5 2
5 1
1 5
4 1
5 0
3 1
4 0
4 1
5 0
5 0
5 0
5 0
5 1
5 0
5 0
5 1
5 0
5 1
4 1
4 1
4 0
5 0
5 0
4 1
4 0
4 0
4 0
5 0
5 0
5 0
4 4
5 2
4 0
5 0
4 1
5 3
5 0
5 0
5 0
5 0
4 0
5 1
5 0
5 0
5 0
4 0
4 0
5 0
5 1
5 0
5 0
5 0
5 0
5 1
5 0
4 0
4 2
5 0
1 3
5 5
5 1
1 5
1 6
5 0
5 0
5 0
5 1
5 2
5 0
3 1
5 1
5 0
5 0
2 2
5 1
5 0
3 3
1 5
5 0
5 0
5 0
4 0
5 0
3 0
5 3
5 2
4 1
4 0
5 0
5 0
5 0
4 0
5 0
4 0
5 0
4 0
4 0
5 0
4 0
4 0
5 0
5 0
5 1
4 2
5 0
5 3
5 2
5 1
5 2
5 2
5 1
4 5
4 0
4 1
4 3
5 1
4 3
5 0
5 1
5 2
5 0
4 0
2 2
3 7
4 1
5 0
4 1
5 11
5 0
5 0
5 0
5 0
4 0
5 0
4 0
5 0
5 0
5 4
4 0
5 0
5 0
1 1
5 0
5 0
4 0
5 1
5 1
4 0
5 2
4 1
5 3
4 0
4 1
4 1
5 5
2 3
4 2
5 0
4 0
4 0
4 1
1 4
4 0
1 2
5 2
5 0
5 1
5 0
4 3
5 6
5 5
5 0
5 0
4 0
4 0
5 0
5 1
1 7
5 0
5 0
4 0
5 4
1 4
5 1
5 2
5 1
2 6
5 1
4 0
5 5
1 17
4 0
5 3
4 0
4 1
4 0
5 4
1 3
5 1
5 4
5 3
5 5
5 6
5 4
5 2
5 1
4 0
4 0
4 2
5 3
4 4
4 0
4 1
4 0
5 20
4 5
5 43
5 12
4 5
4 0
2 3
5 7
5 33
5 9
5 5
5 4
5 3
5 57
2 1
4 0
4 2
4 0
5 0
5 0
5 3
4 1
5 1
4 2
5 184
5 1
4 0
4 0
5 0
5 3
5 4
3 2
5 0
4 0
5 2
4 0
5 0
4 3
5 7
5 3
4 1
2 0
5 1
4 2
2 2
5 1
5 2
5 41
4 1
2 7
4 0
5 1
3 0
5 0
3 4
5 9
5 1
5 0
1 1
5 2
5 0
5 0
3 1
5 1
4 2
5 1
5 2
5 2
5 0
1 1
5 3
5 0
5 0
5 0
5 2
5 4
1 9
5 0
5 0
5 2
5 0
5 0
5 0
5 1
4 1
5 0
5 0
5 0
5 5
5 1
5 1
5 1
5 0
5 0
5 3
5 1
5 5
5 0
4 0
5 3
4 0
5 1
5 1
5 4
5 0
5 0
5 3
5 1
3 2
5 2
5 1
4 1
5 13
5 0
5 3
5 3
5 5
5 0
5 0
5 2
5 0
5 5
5 0
5 1
5 3
5 0
4 0
5 0
3 4
5 1
5 3
5 11
5 1
5 2
2 5
3 2
5 2
5 5
5 1
5 17
5 1
5 14
4 4
5 2
5 1
5 0
5 1
5 8
3 4
5 13
5 9
4 14
5 0
3 8
5 20
5 13
5 1
5 6
5 67
3 6
5 5
5 5
5 6
5 5
1 13
5 2
5 2
5 1
5 22
2 4
5 0
5 0
1 2
2 1
5 0
4 0
5 0
1 2
5 0
5 0
5 0
5 0
4 2
5 1
5 0
1 4
5 0
5 0
5 0
5 0
5 0
5 0
5 0
5 0
5 0
5 2
5 0
5 0
5 0
5 0
5 0
3 1
5 0
5 1
5 0
5 0
4 0
1 15
5 0
5 0
5 0
4 0
2 1
4 0
2 0
4 0
5 0
2 2
5 0
5 0
5 1
5 0
4 0
4 1
5 0
5 0
5 0
4 0
5 0
5 0
5 0
5 0
5 0
5 0
5 0
3 0
4 0
5 0
5 0
2 1
5 0
3 0
5 0
5 0
4 0
5 0
1 4
5 0
5 0
5 0
4 0
1 4
5 0
1 2
5 0
4 0
5 0
5 0
2 0
5 0
5 0
4 0
5 0
5 0
5 0
5 0
5 0
5 0
5 0
5 0
5 0
5 0
5 0
5 0
4 0
4 0
4 1
5 1
5 0
5 2
5 0
5 0
5 0
2 0
5 0
5 0
5 0
4 0
5 0
5 0
5 0
5 0
5 0
5 1
4 0
5 0
