3 6
5 1
1 9
3 1
4 0
5 2
1 7
4 1
4 1
5 0
2 2
5 1
1 12
5 1
4 0
2 7
5 1
2 12
1 24
5 3
5 2
3 1
1 12
5 1
5 3
5 0
5 2
4 0
5 1
5 0
5 1
5 2
5 3
5 0
5 0
5 0
1 4
4 1
4 2
5 0
3 1
5 0
1 15
4 1
5 1
1 6
1 17
1 23
5 2
5 0
5 0
4 1
5 2
4 0
5 0
5 0
4 1
5 1
5 0
5 0
5 0
3 3
5 1
1 8
5 1
4 1
5 1
4 0
3 1
4 2
3 14
3 1
5 0
5 2
5 1
4 2
5 9
1 11
5 1
4 2
5 1
5 0
5 0
1 13
3 1
1 14
1 36
4 0
5 1
4 2
5 1
3 208
3 1
1 15
1 30
1 12
5 2
5 0
1 15
5 2
1 30
4 0
5 0
4 0
5 1
3 0
2 17
3 0
2 13
5 1
5 0
5 3
5 1
4 1
1 6
3 0
4 0
5 3
5 0
5 0
5 1
2 6
4 0
5 0
5 0
4 0
5 0
3 0
1 2
5 2
5 1
5 0
4 3
5 0
5 2
5 3
5 0
1 5
3 0
4 0
2 0
5 0
4 0
1 13
5 0
1 4
5 0
5 1
4 0
5 0
5 1
5 1
5 0
4 1
5 0
5 1
5 2
5 0
5 1
5 0
3 0
2 2
4 0
5 0
5 0
5 0
4 2
4 0
5 0
5 0
1 2
2 2
5 1
5 0
5 0
5 0
3 0
5 0
5 2
5 0
5 0
5 0
5 0
5 0
3 3
3 1
4 0
1 7
5 0
5 1
5 6
5 1
3 3
5 0
5 0
4 0
4 0
5 0
5 1
3 0
4 0
4 1
5 0
5 0
5 0
5 2
5 0
5 0
5 0
5 0
5 0
4 0
3 0
5 0
5 0
5 1
5 0
5 6
5 1
3 0
4 4
5 0
5 0
5 1
4 0
5 0
3 1
5 0
5 0
5 11
1 31
5 2
4 1
4 0
5 0
1 9
5 0
5 0
5 0
3 0
2 0
5 0
5 0
4 2
5 0
5 1
4 0
5 1
1 0
5 0
5 0
4 0
5 0
5 0
5 0
5 0
5 0
5 0
5 0
5 3
5 1
5 0
5 0
4 0
5 0
5 0
4 0
5 0
5 0
5 0
5 6
5 0
5 0
5 0
4 0
5 0
4 0
5 0
5 0
4 0
4 0
5 0
1 10
5 1
5 5
5 0
5 0
5 0
5 2
5 0
5 0
5 0
3 1
5 0
5 0
5 0
5 21
5 0
5 3
5 1
5 1
5 0
5 0
5 0
5 0
4 0
4 0
5 1
5 0
5 0
4 3
5 0
5 0
4 1
5 1
5 0
1 22
5 0
5 2
5 0
4 0
5 2
2 0
1 29
5 0
5 0
1 6
5 0
1 11
5 0
1 7
5 0
5 0
1 9
5 2
5 0
4 2
5 2
5 0
5 0
5 0
2 0
5 0
5 5
4 290
5 0
5 2
5 0
4 1
5 0
5 0
5 0
4 0
3 0
2 3
5 0
5 0
5 0
5 0
5 0
5 0
5 7
5 0
5 0
5 1
5 0
3 0
5 1
2 2
5 1
5 1
5 1
5 0
5 1
5 0
4 2
5 3
5 2
5 1
1 6
5 0
5 3
5 0
5 0
5 0
5 0
5 0
5 0
5 0
4 0
4 0
5 3
5 0
5 4
5 0
4 0
5 1
5 0
4 0
5 0
5 0
5 0
5 1
1 3
5 3
5 6
5 0
5 1
4 0
1 8
4 0
5 0
1 26
1 11
5 1
1 1
5 1
5 1
5 0
3 0
5 6
5 1
5 0
1 11
5 0
5 1
5 0
5 0
4 1
5 1
5 0
5 0
5 0
5 0
5 0
3 0
5 1
5 0
3 0
5 0
5 0
3 0
4 0
5 0
3 0
4 0
2 0
4 0
5 0
5 0
5 0
4 0
5 0
5 0
4 0
4 0
5 7
5 1
4 0
5 0
5 1
2 7
4 0
4 0
5 0
5 0
5 0
5 1
5 1
5 0
5 2
5 2
5 1
1 12
5 1
5 0
5 3
3 2
5 3
5 0
5 6
5 1
5 0
5 0
5 1
4 1
5 0
5 1
5 3
1 214
5 2
1 31
5 0
1 4
5 0
5 0
4 0
5 0
5 3
4 0
3 0
5 2
5 0
4 0
3 0
4 0
4 6
5 0
5 0
1 12
4 3
5 1
5 1
4 0
1 7
4 0
5 0
5 0
5 0
5 4
5 0
5 8
5 1
5 0
5 0
4 0
4 0
5 0
5 0
5 0
5 2
5 1
5 0
5 1
4 11
5 3
4 0
5 0
5 0
5 3
1 5
5 1
4 1
5 1
5 1
5 0
5 0
3 0
2 29
5 0
3 2
5 0
5 0
5 0
5 0
1 4
5 0
5 1
5 0
5 0
5 0
5 0
5 0
5 0
4 1
5 0
4 0
4 0
5 0
4 0
4 0
5 1
4 0
4 0
5 1
4 0
2 1
5 1
5 43
5 7
1 8
5 0
4 1
5 8
5 3
5 1
5 6
4 1
4 4
2 5
5 3
5 0
5 0
5 1
3 0
5 0
5 0
5 2
4 1
5 1
5 0
5 1
5 0
5 0
5 0
4 0
5 0
5 0
5 1
5 0
5 0
5 0
5 0
5 0
5 0
5 6
5 0
5 6
5 1
5 0
5 1
5 0
5 0
5 1
4 0
5 0
5 1
5 8
5 7
5 8
4 0
5 3
5 5
5 4
5 0
5 0
5 0
5 0
5 0
5 0
5 0
5 0
4 0
5 0
5 0
5 0
5 0
5 0
5 0
5 0
5 0
5 0
1 9
5 0
5 0
5 0
4 0
5 0
5 0
5 0
5 0
5 0
5 0
5 0
5 0
