4 5
4 17
1 14
1 18
3 5
5 7
4 6
5 8
1 22
4 5
4 46
4 13
1 22
4 4
5 9
3 2
5 4
5 5
3 4
4 3
4 3
1 22
5 8
3 4
1 22
4 30
5 14
3 4
4 19
4 46
2 15
5 19
5 10
1 21
5 5
5 16
5 14
4 6
5 10
1 18
4 7
4 11
4 9
5 10
1 11
5 4
1 9
1 8
1 10
4 8
5 15
5 9
4 4
1 22
5 21
5 16
1 17
1 24
1 20
5 22
1 14
4 6
4 4
3 4
4 3
2 6
3 14
5 8
3 7
1 22
3 3
3 8
5 21
3 3
4 1
1 17
4 6
5 5
1 12
5 10
1 14
1 15
4 5
2 10
3 23
1 39
4 27
4 15
1 57
1 33
4 10
4 15
4 18
3 4
3 81
4 34
5 25
5 32
2 12
1 113
1 157
4 14
5 16
5 24
2 21
5 17
1 17
5 18
4 7
3 2
3 9
1 148
1 17
5 13
1 13
1 20
5 8
3 5
4 5
1 15
1 23
4 6
1 26
1 17
3 5
5 7
5 7
5 10
5 8
1 22
5 11
3 6
5 8
5 11
5 13
5 9
4 5
5 7
5 8
5 8
5 21
3 5
5 3
5 7
4 6
5 8
1 20
4 6
4 6
5 17
5 7
5 10
5 16
1 22
4 5
5 10
1 34
2 19
1 24
5 15
4 6
5 19
4 15
2 21
5 19
5 184
4 13
1 25
5 15
5 26
4 5
5 10
5 14
4 7
1 33
1 24
2 11
1 19
1 23
3 5
4 6
4 5
4 9
3 4
1 16
1 25
1 13
3 13
3 4
5 9
4 5
5 6
5 3
5 5
2 5
5 2
5 6
4 6
1 10
5 4
5 3
4 50
1 9
4 17
1 10
4 4
1 11
1 11
5 4
4 6
4 8
1 11
5 8
2 14
4 5
1 10
5 7
1 13
5 2
5 17
3 1
4 2
4 2
1 16
2 8
5 5
5 6
2 10
2 12
5 3
5 8
4 3
1 10
1 99
1 15
1 10
2 3
5 8
1 14
5 3
1 23
1 43
1 21
1 113
5 4
4 7
1 11
1 12
5 9
3 6
1 12
1 116
5 3
4 19
5 27
1 6
4 2
2 3
4 1
1 7
2 23
3 25
5 4
5 3
5 3
1 9
5 1
5 5
5 2
5 3
5 1
1 8
4 5
4 26
4 1
4 0
1 5
5 2
1 4
2 16
5 4
5 3
1 17
5 2
5 1
2 8
4 0
4 1
1 18
1 20
5 2
1 4
5 6
2 7
5 3
1 14
1 13
2 5
5 10
5 10
5 6
1 32
1 18
1 19
5 6
3 1
4 5
5 2
5 2
1 8
5 4
1 10
1 9
1 10
1 8
5 7
2 11
1 9
1 7
1 9
5 3
1 7
1 10
1 9
4 0
2 4
1 17
1 8
1 8
1 11
1 8
1 10
5 6
1 6
5 2
1 12
1 6
1 10
1 8
1 9
5 3
5 5
5 2
1 76
5 10
5 4
5 4
1 9
1 4
1 5
5 6
4 3
5 6
4 6
1 8
1 12
5 3
3 2
5 5
3 2
1 9
4 0
5 4
5 7
1 86
1 6
5 8
4 2
1 19
4 2
5 3
5 4
1 13
5 3
1 6
5 4
3 1
1 12
5 4
1 6
5 4
5 4
1 10
5 6
5 3
1 8
5 3
1 10
4 1
5 2
2 4
1 6
5 3
5 2
5 2
5 2
1 10
5 2
5 2
5 1
5 3
2 6
5 3
1 6
1 6
5 3
4 2
1 6
5 2
1 7
4 0
5 1
5 1
1 11
3 0
5 3
5 2
3 0
1 6
1 19
4 0
5 3
5 1
5 3
5 1
2 3
5 1
1 12
1 7
3 0
1 5
5 2
1 6
2 2
1 4
1 2
1 5
1 4
1 5
1 4
1 4
1 5
1 10
1 4
1 4
1 4
5 1
4 0
5 4
1 5
1 5
1 3
1 4
1 4
1 5
5 2
1 6
5 1
5 4
1 5
1 5
5 1
1 5
5 1
3 0
1 5
1 5
5 2
1 7
1 5
1 5
5 0
5 0
4 1
1 23
5 0
1 5
1 3
1 6
4 1
4 0
1 6
5 61
4 0
3 1
1 6
5 4
5 0
1 5
1 3
1 6
3 0
5 1
5 2
5 3
5 0
1 7
4 9
5 4
4 0
4 0
1 6
5 2
1 5
5 1
2 1
1 6
5 2
5 0
1 6
3 1
5 1
5 3
1 7
1 6
3 2
1 6
5 1
1 6
1 4
5 0
1 6
5 2
1 4
1 6
5 2
5 20
1 216
5 85
4 0
5 2
3 141
5 2
5 30
5 2
3 69
4 98
5 108
5 99
5 2
1 25
5 49
3 0
1 6
1 7
1 8
1 5
5 7
5 10
2 2
4 1
5 2
1 117
2 1
1 7
1 119
1 6
1 5
1 207
1 7
5 12
5 11
1 6
3 19
4 191
1 179
4 25
5 53
1 67
4 55
1 125
2 64
1 92
3 5
5 26
1 286
5 14
5 44
5 73
3 30
5 18
5 54
2 53
5 0
5 23
4 102
5 12
1 103
5 17
5 15
5 41
5 22
