4 11
5 0
1 24
1 14
5 10
1 11
5 14
1 21
1 15
1 24
2 11
5 14
2 7
1 19
5 15
1 10
1 17
1 12
3 9
4 15
1 18
1 10
4 8
1 13
1 21
1 18
5 17
5 13
4 13
1 14
5 10
1 13
1 13
4 5
5 12
1 12
1 12
3 2
1 13
3 2
4 7
5 8
1 10
5 10
1 23
1 15
1 13
1 12
5 18
4 17
1 17
5 7
1 6
1 7
5 9
1 9
1 13
5 21
1 15
5 22
1 13
2 16
1 17
5 15
1 91
1 32
5 7
5 4
5 10
5 8
2 14
1 9
1 10
4 5
4 5
1 5
5 3
5 13
1 5
1 12
4 3
5 2
1 8
5 5
4 7
1 6
1 9
5 3
1 7
1 4
2 5
5 5
1 8
5 9
5 2
5 3
2 4
5 3
1 4
5 5
4 4
5 3
5 15
1 13
4 8
1 3
1 19
1 7
5 1
1 10
1 11
1 10
3 2
1 9
5 6
3 4
1 15
1 16
1 3
4 1
4 3
3 5
5 5
1 7
3 3
5 4
4 2
4 3
1 4
1 4
1 7
4 5
1 7
5 1
2 11
5 5
5 11
5 3
3 9
4 3
5 7
3 2
5 65
2 8
3 4
5 4
5 4
5 5
5 7
5 2
5 4
5 2
1 42
5 23
1 24
5 9
4 16
5 6
1 74
1 16
5 3
1 12
1 15
5 8
5 5
3 0
4 10
5 8
2 14
3 2
4 6
3 0
5 14
1 20
5 6
2 5
1 34
1 13
5 8
1 15
1 32
2 12
1 11
1 11
1 7
5 0
5 11
1 32
1 4
3 4
5 3
5 6
5 5
1 13
4 3
3 52
1 16
4 9
4 2
5 5
4 4
1 7
1 6
5 0
5 3
5 2
5 21
1 6
5 29
1 8
5 2
3 2
4 8
5 4
3 1
5 4
1 17
5 11
1 13
4 35
3 16
5 11
1 18
3 21
1 9
5 3
5 5
2 10
5 3
1 17
5 9
2 11
5 10
5 4
1 16
5 12
4 1
5 13
2 1
5 0
5 2
4 0
5 6
4 11
5 8
5 12
5 9
1 16
5 0
4 0
1 12
5 11
1 20
1 4
1 11
3 18
4 6
5 12
4 0
5 4
5 9
5 4
1 15
5 6
5 5
1 12
5 0
5 3
1 9
1 39
3 2
1 9
4 2
5 4
5 0
1 12
5 2
4 1
5 1
1 11
4 3
5 32
3 10
1 21
5 17
5 20
1 16
1 13
4 7
5 13
1 7
3 4
5 8
1 2
5 6
5 10
1 6
5 11
5 11
5 17
1 1
5 1
2 2
5 11
5 8
5 9
5 8
1 18
5 12
1 14
1 7
5 11
5 8
1 9
5 8
1 8
5 7
5 7
5 6
5 5
4 6
1 7
5 6
5 6
5 6
5 4
5 5
5 45
5 5
5 84
5 4
5 5
5 3
5 4
1 2
5 3
5 3
5 6
5 4
5 3
4 3
5 2
1 8
5 2
1 3
5 3
5 9
1 4
1 5
1 4
4 2
5 4
1 3
1 4
5 3
3 1
1 5
5 3
2 1
2 3
5 4
1 7
1 11
1 5
1 19
5 41
1 13
1 8
1 15
4 11
3 11
5 37
1 24
2 11
5 19
5 15
5 22
1 11
5 34
5 17
5 31
5 20
1 6
1 10
5 29
5 20
5 12
1 9
5 14
1 5
4 32
1 5
4 24
1 6
1 3
1 4
1 2
5 15
5 5
3 5
5 8
2 53
1 24
5 5
1 3
1 29
1 6
1 6
1 2
5 9
4 40
1 2
5 6
5 15
5 9
1 2
5 19
5 8
5 14
5 15
1 7
1 6
5 7
5 8
1 51
1 35
1 14
1 10
5 27
1 11
5 16
5 18
5 23
5 26
1 9
5 14
5 32
1 6
1 0
5 15
5 24
5 21
1 11
1 18
1 16
3 13
5 13
1 11
4 17
1 4
5 16
5 11
1 6
1 7
5 53
1 6
5 9
3 2
4 0
5 9
5 8
5 7
5 6
5 9
5 5
4 7
1 30
1 16
5 9
5 30
5 8
5 47
5 27
1 7
1 5
5 15
5 9
5 10
4 10
1 8
1 20
5 25
5 10
5 16
5 6
5 16
1 10
5 5
5 36
5 8
4 19
1 24
1 14
1 15
5 11
1 13
5 9
1 16
1 48
1 21
1 20
5 23
1 22
1 5
1 23
1 23
5 59
5 23
5 22
1 21
5 64
5 7
5 21
1 22
5 17
1 23
5 21
5 111
5 18
5 25
5 2
5 16
5 1
5 19
5 1
5 22
5 29
4 19
5 23
5 20
5 28
5 12
5 15
5 13
5 25
4 16
4 11
5 12
5 11
5 20
5 20
5 12
4 24
5 13
5 12
5 26
5 20
5 12
5 10
1 22
5 13
5 14
5 26
1 26
5 54
5 14
2 9
5 32
5 37
5 17
