5 3
5 0
5 0
5 1
1 8
4 0
4 1
5 1
5 0
5 2
5 1
3 3
5 1
5 3
5 0
4 0
3 0
5 0
5 1
5 3
5 2
5 1
1 10
3 0
5 2
5 3
2 2
5 0
5 1
3 8
5 1
3 0
5 0
5 1
5 0
1 11
5 1
4 2
5 16
5 3
5 2
3 2
4 2
5 1
4 2
5 0
5 3
4 1
4 1
3 6
1 68
4 0
5 0
4 0
5 2
5 1
5 3
1 14
5 4
4 0
4 2
5 2
5 3
5 1
5 0
5 0
2 4
5 0
5 0
5 2
5 0
5 2
5 1
5 1
5 0
5 0
5 1
2 1
5 0
2 8
4 0
5 1
5 1
5 0
5 0
5 1
5 1
3 3
3 1
4 1
5 2
5 1
5 1
5 2
5 2
5 0
5 1
5 1
5 1
5 3
5 2
5 0
5 2
5 0
5 0
5 2
2 11
5 1
4 0
5 1
5 1
5 5
5 0
5 1
4 2
5 1
5 1
5 1
5 0
5 1
5 3
5 1
5 1
5 2
4 2
5 0
5 3
1 8
5 1
1 14
5 1
5 1
5 3
5 0
5 0
5 0
5 2
5 1
5 1
1 17
1 11
5 3
5 1
4 5
5 7
4 4
5 3
5 5
5 4
5 1
5 2
1 6
1 16
5 2
5 1
5 3
1 10
5 2
5 2
5 3
5 0
3 25
5 0
5 3
5 3
5 0
5 1
2 5
5 0
5 2
3 5
5 2
3 1
5 4
5 2
5 0
5 1
4 2
5 1
4 5
4 0
5 1
5 0
5 0
5 1
5 0
5 1
4 2
4 1
5 1
2 0
4 0
5 1
5 2
5 2
1 44
5 0
5 0
4 2
5 52
5 1
4 5
5 1
4 0
2 84
5 3
5 2
5 5
5 2
3 13
5 0
5 1
5 1
5 5
5 4
3 2
5 1
3 3
5 0
5 3
5 3
5 4
5 1
4 2
5 2
5 4
4 0
4 0
5 1
5 0
4 0
5 2
3 1
5 1
5 2
4 1
5 1
1 18
5 0
5 0
5 1
5 3
5 3
5 0
5 1
5 1
4 0
3 8
5 1
4 2
5 3
4 15
5 1
5 1
5 1
5 0
5 1
5 1
5 2
5 0
5 0
5 1
5 0
4 1
5 0
5 0
5 0
5 0
5 0
5 0
5 0
5 0
4 1
4 1
5 0
2 12
5 0
5 0
5 0
5 1
4 0
1 8
5 0
4 0
4 0
4 0
5 0
4 0
5 0
5 1
5 0
4 1
4 0
5 0
5 0
5 0
5 0
4 0
5 5
5 0
5 1
5 0
4 0
4 0
5 0
5 1
5 1
5 0
5 0
5 1
4 0
5 8
3 1
5 0
5 2
5 0
3 4
5 1
5 10
5 1
5 5
5 6
1 12
5 2
5 1
5 1
5 1
3 1
5 1
3 7
5 0
3 2
4 5
4 1
4 6
5 0
5 0
4 0
4 0
5 0
5 0
4 0
5 0
5 0
5 0
3 104
5 272
5 2
4 2
5 4
5 3
5 1
5 2
5 1
5 0
4 0
4 0
4 0
5 0
4 0
5 0
5 0
5 0
5 1
5 1
5 1
5 1
5 12
5 2
3 10
4 0
1 3
5 0
5 1
5 0
5 1
5 0
5 0
5 0
5 1
5 0
5 1
5 2
4 0
5 0
4 2
5 0
5 0
5 0
4 0
5 3
5 1
5 1
4 7
5 0
5 3
5 1
2 1
5 1
5 0
5 0
5 0
5 0
5 2
5 0
3 2
4 0
5 0
3 0
4 0
5 0
5 0
4 6
5 1
5 4
5 0
5 0
5 0
5 0
5 0
5 0
5 0
5 1
5 3
5 2
5 2
5 0
5 0
5 0
5 0
5 0
5 1
5 0
3 5
5 0
5 0
5 0
5 0
4 0
4 0
4 0
5 3
3 0
5 0
5 0
5 0
3 0
4 0
5 1
4 2
4 0
5 0
4 0
5 1
5 0
4 3
4 0
5 0
5 1
4 5
3 0
5 0
5 0
4 0
5 1
5 3
4 3
5 0
5 0
5 0
5 0
5 0
5 0
5 358
3 0
5 1
4 0
5 0
5 0
5 0
5 0
5 0
5 0
5 0
5 0
5 0
3 0
5 0
5 0
3 1
5 13
5 0
5 0
5 0
5 0
5 1
5 1
5 1
5 0
5 4
4 0
4 0
5 1
5 0
5 0
4 2
5 0
3 0
5 1
5 3
5 0
4 0
5 2
5 0
5 0
5 0
4 0
5 0
4 4
5 1
5 0
5 0
5 1
5 1
5 0
5 0
5 0
5 3
5 1
5 0
4 0
5 0
5 0
3 0
5 6
5 0
5 0
3 1
5 2
4 0
4 0
5 1
5 1
5 0
5 0
5 1
5 0
5 0
5 0
5 0
5 2
5 0
5 0
5 0
4 0
5 0
4 0
3 2
5 0
5 0
4 1
5 0
5 0
1 18
5 2
5 0
4 0
5 2
5 0
4 3
5 4
5 1
5 0
5 0
5 0
5 0
5 2
5 0
5 1
4 0
5 0
5 1
5 4
5 1
3 0
5 2
3 1
5 0
4 0
3 3
5 0
5 2
5 3
5 0
5 2
5 0
5 1
5 0
5 1
5 0
5 2
5 1
5 0
5 0
5 0
5 7
5 1
5 0
5 0
4 2
5 2
5 1
5 0
5 0
5 2
5 0
4 0
5 0
5 0
5 0
5 1
3 1
5 0
5 0
5 0
5 1
5 0
5 0
5 0
4 1
5 2
5 0
5 3
4 1
5 1
5 0
5 0
5 0
5 0
5 20
5 6
5 1
5 0
5 1
5 0
4 0
5 0
5 0
5 0
5 0
5 0
5 0
5 0
5 0
5 0
5 0
5 2
5 1
4 0
5 0
5 18
5 0
4 0
5 66
5 3
5 0
4 2
5 0
5 0
5 0
5 0
3 4
3 0
5 0
4 0
5 2
5 0
5 0
5 2
5 0
5 0
4 0
5 3
5 0
5 1
5 21
5 1
5 0
5 1
5 0
5 1
5 1
5 53
5 5
5 8
5 2
5 0
5 1
5 0
5 1
5 0
1 9
5 0
3 0
5 0
5 1
5 1
5 0
5 1
5 0
5 0
5 1
5 3
5 0
5 0
5 0
5 0
5 0
5 0
5 0
5 0
5 0
1 7
5 0
5 0
5 0
1 13
2 1
5 0
5 0
4 0
5 0
5 0
5 0
5 0
1 1
5 0
5 0
5 0
5 0
5 0
5 0
5 0
5 0
5 0
5 0
3 0
5 0
5 0
5 0
5 0
5 0
5 0
5 0
5 0
5 0
5 0
5 0
4 0
5 1
4 0
5 0
5 0
5 0
5 0
5 0
5 0
5 0
4 0
3 0
5 0
3 0
1 7
5 0
5 0
3 0
5 0
5 0
5 0
5 0
5 1
4 0
3 0
5 0
4 0
5 0
5 0
2 3
5 0
5 0
5 0
5 0
5 0
5 0
5 0
5 0
5 0
5 0
5 0
5 0
5 0
5 0
5 0
5 0
5 0
5 0
5 0
5 0
4 0
5 0
5 0
5 0
5 0
5 0
4 0
5 0
5 0
5 0
5 0
5 0
5 0
5 0
3 0
5 0
5 0
5 0
5 0
5 0
4 0
5 0
5 0
3 0
5 0
5 0
1 2
5 0
5 0
5 0
5 0
5 0
5 0
1 40
5 0
5 0
5 0
5 0
5 0
5 0
5 0
5 0
5 0
5 0
4 0
4 0
5 0
4 0
4 1
5 0
5 0
5 1
5 0
5 0
5 0
5 0
5 0
5 0
1 3
5 0
5 0
5 0
2 3
5 0
5 0
5 0
5 0
1 17
5 0
5 5
5 0
5 0
5 0
5 0
5 0
