5 4
3 8
5 5
2 7
1 13
5 4
2 3
5 8
5 1
3 0
1 10
5 5
3 5
5 1
2 5
1 7
1 18
3 5
4 6
5 1
1 37
5 2
4 2
1 6
5 2
3 3
2 4
5 5
4 4
5 4
1 12
2 3
5 8
5 5
5 3
5 24
2 4
5 4
1 13
1 8
2 4
4 5
2 2
4 2
5 3
2 10
5 3
4 6
3 6
4 4
5 2
3 4
4 15
5 12
5 5
4 2
5 4
1 13
4 8
3 159
3 2
3 1
5 2
5 2
5 1
3 1
3 3
4 0
4 4
5 1
5 0
2 10
5 1
4 2
5 5
1 24
2 4
1 30
5 0
5 2
5 4
5 0
4 2
4 3
5 4
5 4
2 218
5 6
5 4
1 12
1 10
4 2
1 28
5 3
2 3
5 0
1 17
1 36
5 4
5 1
1 8
2 6
5 3
5 1
2 2
4 1
5 5
5 2
1 13
4 3
5 0
5 1
5 0
2 5
3 3
5 4
2 15
3 7
5 2
2 4
4 1
2 3
5 0
5 0
5 0
3 0
5 0
5 2
5 5
5 0
4 8
5 0
5 0
1 36
5 1
5 1
4 0
2 6
5 2
5 1
5 2
2 4
1 43
5 2
2 4
5 0
5 2
2 1
4 1
5 1
5 3
5 0
2 1
1 12
3 0
5 1
5 0
5 1
2 1
5 0
5 0
4 1
5 0
5 0
1 13
5 1
5 1
4 8
5 1
4 5
5 4
5 2
5 1
5 0
5 1
4 6
4 1
2 7
5 0
5 3
5 1
5 1
5 0
5 1
5 0
3 3
5 2
4 0
5 1
4 0
2 9
3 1
5 1
2 4
3 1
3 3
5 1
1 7
3 2
2 3
5 0
4 1
2 1
1 8
1 2
1 252
4 1
5 1
5 1
1 8
5 1
4 2
4 3
1 3
4 6
5 8
5 2
4 1
2 5
1 17
2 45
2 1
3 3
5 1
5 1
5 4
3 9
2 1
2 6
5 1
5 0
5 1
3 2
5 0
4 1
5 1
5 0
5 0
5 5
2 1
4 1
4 0
5 1
5 0
5 0
5 1
5 1
5 0
1 7
2 5
4 100
2 3
5 1
5 0
5 0
5 0
5 0
2 8
2 4
5 1
1 3
5 2
5 2
2 5
5 0
5 0
3 1
5 0
5 0
5 16
5 1
3 1
4 0
3 7
5 1
5 1
3 1
2 1
5 0
5 0
5 0
5 0
5 1
5 0
3 0
5 0
5 0
3 0
4 0
5 3
5 4
5 1
1 10
4 0
5 0
1 1
2 28
4 2
1 3
3 2
4 0
5 1
5 1
5 0
4 0
2 1
1 34
5 0
5 0
2 1
3 40
5 0
4 0
5 5
1 8
2 2
2 21
1 6
4 0
3 1
2 0
5 0
2 0
1 2
5 0
5 0
3 2
2 12
5 0
4 19
5 2
5 1
5 0
4 0
5 1
5 8
5 1
3 0
2 4
2 16
5 7
2 7
5 6
1 8
5 2
2 3
5 1
3 6
5 0
5 0
5 0
1 6
5 0
5 1
5 1
4 1
1 10
2 3
5 9
5 1
4 0
5 1
1 17
4 1
4 0
3 1
5 1
3 1
5 0
5 1
1 8
5 4
5 2
5 1
5 1
5 2
5 1
4 0
3 4
4 3
4 1
4 1
5 8
5 1
5 4
5 3
5 3
5 1
4 1
1 4
5 1
5 5
4 1
3 3
5 1
4 1
5 2
5 3
4 2
5 3
4 1
5 1
3 12
5 12
5 1
5 1
5 3
2 117
5 3
3 2
5 1
5 1
2 17
5 1
5 1
5 1
5 1
4 2
5 4
5 4
2 5
5 3
4 3
4 1
5 1
5 4
3 1
5 1
5 1
1 11
2 3
5 4
3 1
5 1
4 4
5 7
5 0
3 1
5 1
1 5
5 1
5 4
3 1
5 1
5 1
2 0
5 3
4 1
5 1
5 1
5 1
2 4
1 4
2 1
2 6
5 1
1 4
4 1
5 24
1 4
5 1
5 0
1 10
3 1
5 8
3 1
5 1
1 7
5 1
5 4
5 1
5 1
1 1
4 1
4 11
5 3
5 1
1 3
1 5
1 3
5 1
1 3
1 26
5 1
3 1
4 1
4 0
2 1
3 1
1 6
4 0
4 1
1 3
3 0
5 4
1 10
5 6
2 8
5 0
4 5
3 0
5 1
1 9
5 3
5 0
2 0
5 0
5 0
2 1
2 0
5 0
5 0
5 0
5 0
4 0
3 0
2 0
2 0
4 0
2 42
2 0
1 1
1 2
3 0
2 1
5 0
4 0
5 0
5 0
4 0
4 0
5 0
1 0
5 0
5 0
1 5
5 0
5 0
4 0
5 0
5 3
3 0
2 0
1 7
5 0
2 0
3 0
5 0
5 6
5 0
5 0
5 0
5 0
3 0
4 4
5 0
5 0
3 0
5 0
1 17
5 0
5 0
5 0
5 0
5 0
5 0
1 5
1 10
5 0
5 0
5 0
5 0
3 0
5 0
4 0
5 0
5 11
4 0
4 0
3 0
5 0
3 0
5 0
4 0
5 0
5 0
5 0
5 1
5 0
5 0
5 0
1 2
4 1
5 0
5 0
4 2
1 7
5 0
5 1
3 0
5 0
2 0
4 0
2 0
4 0
2 2
5 0
2 0
5 0
5 0
5 0
5 0
2 0
5 0
3 0
5 0
1 6
1 0
4 1
5 1
5 1
