1 19
1 14
5 7
1 22
1 23
3 4
4 3
1 17
1 20
4 5
1 26
4 2
1 8
5 1
5 3
5 4
5 2
1 43
1 29
5 33
2 21
5 19
1 45
4 3
1 27
1 22
1 30
5 1
1 10
1 19
1 52
1 25
1 25
5 3
1 24
5 8
1 24
2 8
3 3
4 13
1 107
4 1
1 22
5 1
5 2
1 42
1 79
5 2
5 0
1 72
5 1
5 1
4 2
4 1
5 1
1 35
5 1
1 12
1 15
1 16
1 23
5 3
1 17
5 5
5 2
1 67
3 1
5 4
3 1
1 32
3 3
3 8
5 3
5 2
1 43
3 5
3 1
1 33
5 7
1 39
4 1
5 0
2 6
3 16
1 24
1 29
4 10
5 1
5 2
1 20
4 1
3 4
5 2
5 3
2 3
1 92
1 30
4 0
4 5
2 13
1 22
1 26
4 5
5 3
2 4
2 4
1 16
5 1
5 6
1 20
1 28
3 6
1 23
3 1
1 160
5 2
4 1
1 17
5 5
2 6
1 70
2 21
3 1
1 11
5 2
1 26
5 1
5 1
5 0
5 4
4 5
4 3
1 22
1 14
2 19
5 3
2 24
5 4
2 7
3 0
1 17
4 4
1 156
1 26
3 6
1 34
3 4
1 16
2 7
5 3
4 6
3 1
5 1
5 3
1 14
2 6
1 17
5 6
1 6
5 3
5 2
1 12
5 1
1 14
5 2
5 2
5 5
1 12
1 11
5 1
1 14
1 15
1 11
5 3
5 1
5 2
5 3
4 5
1 9
5 3
1 9
4 0
1 18
5 0
2 8
5 1
5 0
4 1
4 1
1 20
4 1
1 8
5 0
5 0
1 3
1 10
5 0
5 0
3 1
5 0
5 0
5 2
4 4
5 10
2 4
5 2
5 5
5 1
1 25
4 2
5 2
5 3
1 17
1 13
4 6
5 5
5 1
5 4
4 2
5 1
3 2
2 2
4 0
5 1
5 4
2 2
5 4
5 2
4 3
3 4
5 2
1 15
5 1
4 3
4 6
5 2
5 2
5 2
5 4
5 4
5 3
5 1
4 1
3 4
3 6
3 3
4 3
4 2
2 4
2 13
5 6
3 3
4 1
1 20
4 2
5 2
3 3
5 2
3 2
3 3
1 20
5 3
5 3
5 2
2 4
2 17
5 3
5 4
5 2
4 4
5 4
3 2
3 7
5 1
3 54
1 14
3 2
5 0
1 12
5 3
4 0
1 41
5 6
3 3
1 3
4 2
4 1
4 3
5 2
5 1
5 2
5 4
4 2
5 1
5 1
5 0
3 13
5 3
5 2
4 1
4 2
4 3
5 1
5 0
5 2
5 0
5 0
1 4
3 0
5 7
5 1
5 0
5 5
5 2
5 1
4 0
1 13
3 1
2 1
4 5
5 7
1 27
5 1
5 0
5 1
5 2
3 7
4 1
5 1
5 1
5 0
5 0
4 1
5 5
4 2
2 565
5 3
1 9
4 3
5 3
3 1
1 11
5 3
5 1
1 94
1 22
3 0
3 4
5 0
5 1
4 1
2 3
5 0
5 1
5 4
3 2
1 23
3 1
5 5
2 2
5 0
4 0
3 5
5 8
1 12
5 2
5 1
5 1
4 9
5 2
5 2
4 2
1 5
5 0
5 2
1 33
5 3
4 3
3 3
5 4
5 2
1 7
1 12
5 11
4 1
4 0
2 7
2 0
5 2
5 2
4 1
3 0
5 3
5 1
1 14
5 1
5 2
3 3
5 4
1 10
4 2
5 1
3 2
5 4
1 14
5 2
5 2
4 2
5 5
5 4
5 4
5 6
1 12
4 3
4 1
4 5
4 0
5 1
5 2
1 8
4 4
2 0
4 3
5 1
3 11
4 2
2 8
5 4
4 3
1 16
5 4
5 3
4 4
5 2
1 11
1 26
5 2
3 0
1 9
5 2
1 2
1 7
5 1
5 1
5 1
5 3
4 18
4 3
4 8
5 3
5 0
5 0
5 12
4 3
4 0
4 2
5 8
5 2
1 3
1 7
5 3
4 373
5 0
5 0
3 1
5 0
3 0
5 6
4 0
5 0
4 0
1 20
5 0
4 0
4 2
5 4
5 2
4 3
2 14
1 58
5 2
1 7
2 9
5 2
5 5
1 16
5 1
4 2
5 7
5 0
1 27
5 10
1 20
5 9
5 8
5 5
3 3
1 3
5 1
3 5
5 4
5 6
4 34
5 3
5 4
4 2
1 11
3 0
5 1
1 63
5 0
3 415
3 5
5 1
4 1
5 2
4 0
2 4
5 0
5 16
1 12
2 6
3 10
4 6
5 5
1 7
5 0
2 13
3 37
1 22
5 1
5 0
3 195
3 15
5 0
3 27
4 2
4 2
5 2
5 0
5 1
5 0
5 0
5 0
5 2
4 7
5 1
5 3
5 1
5 3
1 19
1 15
3 0
1 11
5 1
1 38
3 0
5 5
2 4
1 7
5 2
1 25
1 15
5 8
5 7
5 0
5 8
5 4
5 17
5 5
1 47
5 2
1 55
4 9
1 33
2 19
2 19
5 12
5 3
5 6
4 3
5 18
2 11
5 4
5 4
5 3
2 4
5 3
5 4
5 0
3 4
1 12
5 1
4 2
5 2
4 0
5 1
5 1
4 0
5 15
1 20
5 0
5 3
5 1
5 5
4 0
5 0
5 1
5 1
4 0
5 0
5 0
5 1
5 0
4 2
5 5
2 6
1 15
4 0
4 13
3 19
3 1
1 41
1 41
5 3
5 3
5 3
3 9
4 4
5 2
5 7
5 5
3 11
5 2
4 1
1 21
1 12
5 2
5 1
2 6
5 2
5 6
5 1
1 22
5 2
3 4
1 5
5 1
2 9
3 2
5 3
2 8
3 1
1 12
4 4
4 1
5 1
4 10
5 3
5 1
3 4
5 1
1 8
5 13
5 3
1 8
5 4
5 0
1 8
5 0
2 5
1 13
1 6
1 31
1 9
5 1
3 11
1 6
5 18
1 12
3 0
5 1
1 5
5 1
5 0
5 2
1 12
3 0
1 3
5 1
5 0
5 0
2 18
5 1
2 18
5 2
5 3
2 3
5 0
1 14
4 4
2 8
5 1
4 2
3 21
5 1
4 0
5 13
5 1
3 5
5 0
5 4
5 6
4 0
5 6
5 2
5 4
5 0
5 3
1 143
1 39
2 13
5 5
5 7
5 0
5 2
5 1
5 2
4 1
1 36
5 2
5 0
5 1
5 0
5 0
5 1
3 2
3 3
5 2
3 5
5 3
5 1
5 0
5 0
5 3
5 0
1 18
5 0
5 0
5 2
5 5
5 4
1 1
1 2
5 17
1 24
1 19
5 2
5 1
1 33
5 0
5 0
5 1
5 2
1 11
5 0
5 3
1 12
2 2
5 1
4 1
5 0
5 0
1 19
3 6
5 4
5 1
5 1
5 2
5 7
2 6
5 3
1 7
4 0
1 9
1 7
5 3
5 1
5 160
5 0
1 5
4 3
1 7
5 11
5 2
5 0
5 1
5 0
5 4
5 4
5 6
5 3
5 1
4 2
5 0
1 17
5 2
4 2
4 3
1 14
3 0
2 8
5 1
5 1
5 2
5 3
3 3
1 0
5 4
3 38
5 1
5 1
5 1
5 1
5 1
5 12
5 1
5 1
5 2
5 4
4 2
5 1
1 7
5 1
5 0
5 2
3 11
5 4
4 6
5 9
2 4
5 2
2 1
5 1
5 1
5 9
5 0
4 2
5 3
1 16
1 17
5 9
5 0
5 0
1 6
5 0
5 0
5 7
5 0
4 5
1 4
1 6
5 7
3 2
5 3
5 3
5 2
5 6
4 6
4 6
1 11
5 1
5 7
4 2
5 2
1 13
4 1
4 2
5 1
4 10
5 1
5 0
5 1
5 0
5 0
5 0
3 6
5 0
5 5
5 5
5 3
5 2
5 0
5 0
3 1
3 1
5 0
3 1
5 1
5 1
2 2
2 0
4 1
5 0
5 1
5 0
5 0
5 1
5 0
1 11
5 3
5 0
1 16
5 2
5 0
1 13
2 27
5 0
5 3
5 2
5 3
5 0
5 0
5 0
5 0
3 2
5 0
5 1
5 0
5 0
5 2
5 0
4 0
1 8
4 0
4 1
5 0
4 0
5 12
5 5
3 0
5 4
4 9
5 3
1 13
3 2
5 3
4 2
5 0
5 4
1 11
5 7
2 0
2 4
5 0
5 2
5 0
4 0
4 3
5 0
1 5
4 0
5 0
5 0
5 5
4 2
5 7
2 4
1 4
1 7
5 0
5 0
5 5
5 0
1 10
4 4
5 2
5 3
1 3
5 1
5 0
5 1
5 0
1 6
5 3
5 2
5 0
5 1
5 3
5 6
5 3
5 4
5 11
5 3
1 2
5 2
2 4
5 0
1 9
5 5
3 4
5 4
5 5
2 13
4 2
5 1
5 0
3 6
1 6
5 0
5 0
1 75
2 6
1 3
5 0
1 4
5 0
4 0
5 0
5 0
2 5
4 0
5 0
2 0
1 18
5 0
5 0
2 3
5 0
5 0
5 0
1 4
5 0
5 0
5 0
5 0
5 0
5 0
5 0
1 2
5 0
5 0
5 0
5 0
5 0
5 0
5 0
5 0
4 0
4 0
1 3
5 0
2 0
3 0
5 0
3 0
5 0
5 0
5 0
1 3
5 0
5 0
5 0
5 0
5 0
5 0
5 0
3 0
1 5
5 0
1 4
5 0
2 1
1 4
5 0
5 0
1 4
5 0
1 6
1 4
3 0
5 0
5 1
1 5
5 0
2 0
2 0
5 0
2 0
5 0
5 0
5 0
5 0
4 0
5 0
5 0
5 0
1 5
5 0
5 0
5 0
5 0
4 0
5 0
1 2
5 0
5 0
4 0
3 0
4 0
5 0
4 0
5 0
5 0
5 0
5 0
3 0
4 0
4 0
5 0
4 0
2 3
5 0
5 0
5 0
1 3
5 0
5 0
2 4
5 0
5 0
5 0
5 0
5 0
5 0
1 4
3 0
5 0
4 0
5 0
5 0
5 0
1 6
4 0
4 0
5 0
5 0
5 1
5 0
5 0
5 0
5 0
5 0
5 0
5 0
5 0
5 0
5 0
5 0
5 0
4 0
5 0
5 0
5 0
3 0
1 3
5 0
5 0
5 0
5 0
5 0
5 0
5 0
5 0
5 0
4 0
2 1
4 0
1 6
5 0
5 0
5 0
4 0
5 0
5 0
5 0
1 6
5 0
5 0
4 0
4 0
5 0
5 0
3 0
5 0
3 0
5 0
5 0
5 0
5 0
5 0
5 0
5 0
5 0
5 0
5 0
5 0
5 0
5 0
2 1
5 0
5 0
5 0
5 0
5 0
5 0
5 0
2 0
5 0
5 0
5 0
5 0
5 0
4 0
5 0
5 0
5 0
5 0
3 0
5 0
5 0
5 0
5 0
5 0
5 0
5 0
5 0
5 0
5 0
1 5
1 4
1 5
5 0
2 1
4 0
5 0
5 0
5 0
5 0
5 0
5 0
1 4
5 0
3 0
5 0
5 0
5 0
4 1
5 0
5 0
5 0
5 0
5 0
5 0
1 6
4 0
5 0
5 0
5 0
4 0
4 3
5 0
5 0
5 0
5 0
5 0
5 1
5 0
5 0
1 1
5 0
5 0
5 0
5 0
5 0
5 0
5 0
5 0
3 8
5 0
4 0
5 0
5 0
4 0
5 0
5 0
5 0
5 0
5 0
5 0
5 0
5 0
4 0
5 0
5 0
5 0
5 0
5 0
4 0
5 0
5 0
5 0
5 0
5 0
5 0
5 0
5 0
5 0
5 0
5 0
5 1
