5 10
1 7
1 20
4 7
3 6
1 10
3 1
3 1
1 12
5 7
5 11
4 13
5 3
2 8
2 7
4 2
2 6
5 10
5 4
5 7
3 5
5 3
5 6
1 7
1 12
4 8
5 9
5 2
1 3
5 3
5 13
2 4
5 22
5 3
5 5
3 0
5 10
3 8
5 4
2 6
4 3
1 21
5 2
4 1
4 7
1 9
4 7
3 1
5 1
4 7
2 12
5 3
4 8
5 8
5 5
3 3
5 1
5 4
5 4
4 2
5 10
5 77
4 6
4 12
4 8
3 14
1 7
1 6
1 10
2 6
5 7
1 5
5 8
1 8
5 14
2 19
4 10
5 6
4 2
1 10
5 2
4 1
1 15
4 4
4 5
1 12
5 5
2 10
3 7
5 2
4 4
4 2
4 1
5 9
1 7
4 4
5 4
4 4
4 5
1 7
3 2
5 6
5 1
1 9
4 2
4 1
4 3
3 25
1 6
5 2
5 4
5 3
5 1
5 1
4 5
3 5
3 1
5 3
1 9
4 11
5 5
5 13
4 6
4 2
5 2
5 0
5 11
4 1
5 3
1 7
5 10
4 9
3 3
4 0
4 0
5 7
5 7
5 4
5 25
1 13
1 12
4 7
2 10
1 15
5 4
5 6
1 7
1 22
4 3
3 12
4 1
4 5
1 6
4 9
5 2
4 7
5 5
5 3
5 5
5 5
5 7
4 13
2 7
4 9
1 7
4 11
5 16
1 6
5 3
5 14
5 4
1 21
5 17
5 8
5 2
2 4
5 4
3 8
4 6
4 2
3 20
5 12
1 3
5 4
4 3
1 1
1 26
2 5
4 1
5 11
4 5
1 17
5 10
5 5
2 7
4 5
5 5
1 11
5 7
5 6
5 4
2 5
5 2
4 1
3 5
4 1
2 59
1 5
2 58
4 1
5 9
3 1
5 12
5 9
5 11
1 19
5 5
1 17
5 8
4 5
1 23
4 10
4 2
2 14
4 4
4 0
4 13
5 13
1 11
4 20
2 10
1 6
4 11
5 2
5 2
4 1
2 6
5 1
4 0
5 2
5 0
1 30
1 10
4 1
2 1
4 0
2 0
1 9
5 0
3 36
4 9
3 5
3 55
1 13
3 0
1 4
2 6
1 2
4 3
5 3
5 2
4 1
5 3
1 10
5 2
5 1
5 2
4 37
1 10
1 6
5 2
5 5
5 2
4 5
5 6
4 13
3 7
5 11
3 6
3 6
3 3
1 6
1 12
1 3
5 2
1 1
1 15
5 19
4 10
5 5
5 3
3 8
5 8
2 21
5 40
1 9
2 8
1 20
5 10
4 6
5 3
1 8
1 12
5 1
5 8
5 9
4 1
4 12
4 3
4 9
1 6
5 6
5 16
4 22
5 10
1 19
5 6
5 4
1 14
5 5
1 11
1 10
3 4
5 11
5 7
5 3
1 30
5 15
5 5
2 10
1 11
1 23
5 4
5 12
4 9
1 19
5 8
1 8
4 12
5 10
5 6
5 8
5 9
1 6
5 7
5 11
1 10
5 16
5 9
4 27
5 7
2 15
5 0
5 0
5 0
1 17
5 2
5 13
5 4
4 14
1 13
5 5
5 12
3 16
5 17
3 7
5 1
5 5
4 11
5 3
5 133
1 12
4 5
5 4
5 1
5 3
4 1
5 90
2 6
5 1
4 3
4 0
2 10
1 47
4 3
5 6
1 7
3 15
5 2
5 2
5 7
4 13
4 4
5 4
5 9
5 3
1 7
4 6
5 0
5 5
5 15
5 0
5 2
4 10
4 5
5 4
5 0
1 6
5 41
4 2
4 7
3 16
2 16
1 61
4 17
4 11
2 21
4 8
4 4
5 14
1 11
3 2
1 12
4 1
5 62
5 31
1 5
3 13
1 11
4 12
3 7
3 3
4 4
5 3
5 11
5 1
5 1
1 2
4 3
1 4
4 20
5 2
5 19
4 1
1 25
4 0
4 9
3 12
3 9
5 2
3 18
5 20
4 6
5 0
5 7
5 6
2 3
5 5
2 8
4 15
4 1
5 2
3 6
4 1
5 2
4 1
5 2
5 2
5 5
5 8
5 1
2 8
5 4
1 13
5 1
3 6
4 25
5 4
4 7
5 1
5 4
4 2
1 15
4 11
5 21
5 2
4 5
5 7
4 0
4 2
5 4
3 2
5 5
4 1
3 2
5 16
1 6
1 6
5 3
5 2
5 3
5 2
5 2
4 0
5 3
5 3
1 7
5 3
1 10
1 5
5 6
5 66
4 1
4 1
5 2
4 3
3 4
1 4
3 1
1 25
4 23
5 1
1 5
5 23
5 1
5 1
4 13
5 7
3 7
5 13
5 3
4 5
5 2
1 4
5 14
1 5
1 8
5 2
4 3
5 2
5 2
5 3
3 3
5 2
5 11
4 3
1 7
2 1
4 7
4 0
2 2
4 3
1 2
4 4
5 4
1 3
1 7
2 2
5 3
5 1
5 3
5 4
5 5
1 20
5 240
5 106
5 11
4 19
5 2
4 13
5 9
5 3
5 6
5 3
1 10
1 11
5 5
5 6
5 10
4 17
1 7
5 1
5 5
5 2
1 10
5 4
5 2
1 39
1 58
5 52
5 21
2 48
5 58
5 2
5 48
5 21
5 2
4 5
1 11
5 3
5 5
4 13
5 9
4 27
2 0
1 14
5 4
5 65
3 4
5 3
5 3
5 0
1 14
5 7
5 14
5 3
5 8
4 3
1 19
5 10
5 2
5 4
5 3
5 5
5 4
4 3
5 2
1 25
3 26
5 3
5 2
1 9
5 2
5 2
5 0
2 5
5 15
2 1
5 30
5 46
5 98
4 9
5 66
5 27
5 10
5 7
5 8
4 8
5 66
5 82
5 18
5 17
5 18
5 116
5 66
5 13
5 110
