5 8
5 8
5 10
5 11
5 9
5 2
5 2
5 1
5 2
5 1
5 11
5 2
5 11
5 10
5 7
5 0
5 1
5 2
5 11
5 1
5 9
5 2
5 10
5 5
5 10
5 11
5 11
5 6
5 2
5 1
5 2
5 3
5 3
5 2
5 10
5 3
5 2
5 12
5 12
5 12
5 2
5 10
5 1
5 8
5 2
5 6
5 1
5 3
5 1
5 3
5 10
1 2
5 9
5 1
5 2
5 9
5 11
5 8
5 9
5 10
5 11
5 9
5 12
5 12
4 10
5 11
1 3
5 11
5 12
5 11
1 1
1 17
5 13
1 8
1 7
5 12
5 8
5 10
5 13
5 14
1 12
5 9
5 13
5 12
5 14
5 14
5 13
5 10
5 13
1 1
5 18
5 25
5 9
5 14
5 23
5 15
5 15
5 16
5 26
5 27
5 14
1 5
5 6
5 1
5 6
5 2
5 5
5 5
5 6
3 7
5 5
3 9
3 12
5 13
5 13
5 12
5 10
5 16
5 13
5 15
5 15
5 17
5 21
5 15
5 20
5 21
5 23
5 23
5 3
5 24
5 21
5 23
5 22
5 22
4 1
1 9
5 29
4 4
5 9
3 9
5 6
5 7
5 9
1 18
5 30
5 30
5 26
5 28
5 32
1 18
5 3
1 10
1 9
5 12
5 14
1 12
5 25
5 25
5 24
5 25
4 17
1 29
1 19
5 25
3 2
5 38
1 10
5 30
5 13
5 39
5 27
5 28
5 24
5 23
5 31
5 30
5 29
5 31
5 23
5 27
5 23
5 34
5 24
5 37
5 39
5 8
5 9
1 20
5 44
5 38
4 6
1 26
4 11
5 36
5 49
5 27
5 24
5 36
5 47
5 8
4 6
5 8
2 12
5 7
5 42
1 14
5 39
5 11
5 12
1 15
1 21
5 13
5 13
5 24
5 20
5 19
5 19
5 18
5 22
5 16
5 16
5 18
5 18
5 23
5 8
5 4
5 21
5 6
5 22
5 18
5 7
5 20
1 22
2 6
4 10
1 22
5 19
1 19
1 23
5 15
4 13
5 22
1 23
1 17
5 24
1 12
1 20
5 14
5 11
4 9
1 12
5 20
1 8
5 15
1 13
1 15
1 25
1 21
5 27
1 22
5 32
5 20
1 7
5 15
1 11
1 16
5 18
1 8
5 22
5 18
5 14
5 16
5 20
5 12
5 21
1 13
1 23
5 23
5 24
1 41
5 18
1 32
1 34
1 34
1 35
1 35
1 32
1 11
5 17
1 10
5 16
1 34
1 34
5 29
1 29
5 23
1 39
5 26
4 12
1 39
5 14
5 16
5 24
5 16
5 11
2 33
1 38
5 22
5 21
5 25
5 29
1 19
1 24
5 19
5 25
1 38
5 25
1 73
1 38
4 14
1 11
5 27
1 53
5 25
1 32
1 1
4 19
5 17
1 14
5 16
1 61
5 17
5 21
1 86
5 19
5 22
1 33
5 29
5 30
5 24
3 13
5 18
5 21
2 22
5 23
5 25
1 1
1 26
1 22
5 19
1 13
5 15
5 19
5 30
5 20
1 26
5 21
1 16
1 19
5 22
1 28
5 31
1 20
5 20
3 9
5 17
5 31
5 21
5 22
4 35
5 30
1 286
5 18
1 45
5 31
1 35
1 31
5 21
2 36
4 20
5 23
5 27
1 35
1 37
1 36
5 29
1 30
5 24
1 44
5 26
1 39
1 36
5 22
1 32
5 39
4 19
4 19
5 31
5 26
1 35
5 34
1 8
5 34
5 38
3 18
5 25
5 29
5 26
5 28
1 36
5 22
5 16
5 20
5 19
5 31
1 29
1 28
4 11
5 16
5 13
5 19
5 5
1 48
5 12
5 16
5 25
1 40
5 13
1 35
1 36
5 21
5 22
1 40
1 34
1 35
5 24
5 28
5 64
5 38
5 16
5 26
5 23
5 34
1 48
1 46
5 13
1 70
5 26
1 36
5 1
1 37
5 21
5 21
5 29
5 20
4 27
5 22
1 29
1 35
5 21
1 31
5 14
5 37
5 20
5 26
1 22
1 20
5 22
5 33
1 24
5 37
5 25
1 24
5 47
4 35
5 32
2 16
1 15
1 18
5 32
5 22
5 19
1 23
5 23
5 13
1 20
1 22
4 29
4 28
1 27
5 34
1 14
1 27
1 29
1 24
1 19
1 24
1 13
5 12
1 18
1 14
5 16
5 11
5 13
5 12
5 15
1 17
1 25
1 11
1 10
1 26
5 11
5 26
1 16
1 20
1 18
5 28
1 5
5 15
5 20
5 18
4 12
5 15
5 9
5 13
5 25
1 6
5 25
1 9
3 6
5 22
5 9
5 6
5 17
5 20
5 21
4 5
5 27
5 14
1 5
5 12
1 17
5 16
5 26
1 13
4 3
5 18
5 16
5 28
1 8
5 21
5 13
5 21
1 14
5 20
5 30
1 19
5 26
5 24
5 9
5 35
1 17
5 20
1 11
1 27
5 7
5 19
5 27
5 17
5 18
5 12
5 11
1 12
1 11
5 15
1 21
1 11
5 14
1 17
1 18
5 8
1 9
1 18
1 9
1 14
5 11
5 8
1 19
5 12
1 12
1 21
5 19
5 18
5 7
4 15
1 16
1 19
4 8
5 12
5 9
5 11
5 21
1 7
5 12
1 3
1 10
5 13
5 25
4 7
1 1
4 6
5 13
5 7
5 7
1 1
5 6
5 2
5 5
5 8
1 20
1 30
1 24
5 27
4 25
1 29
5 27
5 38
5 58
5 52
1 23
1 25
5 24
4 15
5 20
5 17
5 28
1 186
4 29
5 22
5 45
5 19
5 17
5 24
1 10
5 20
1 13
5 16
1 19
1 12
5 8
1 12
5 19
5 26
1 12
5 16
5 16
5 20
5 18
5 16
5 20
1 14
5 16
5 17
5 20
1 14
1 15
1 7
5 15
5 34
5 12
5 27
1 20
5 13
5 25
5 19
1 14
1 14
5 32
5 19
5 30
5 24
5 23
5 23
5 24
5 18
5 20
1 14
4 18
1 19
1 12
5 20
4 13
1 23
5 17
5 30
1 20
1 31
1 12
5 42
5 34
5 10
5 23
1 21
1 18
5 20
1 21
4 10
5 26
5 18
2 12
4 21
1 15
1 12
1 18
1 11
1 11
1 10
1 12
1 29
5 30
5 40
1 26
5 41
5 32
1 27
5 34
4 34
1 27
5 38
5 22
5 49
5 31
1 30
5 28
5 26
5 24
5 46
5 33
4 31
5 32
1 30
1 25
1 27
5 25
1 30
1 33
3 16
1 21
5 30
5 30
5 32
5 28
5 32
5 25
1 32
1 22
5 33
1 19
5 34
5 20
1 24
5 39
5 20
1 22
5 39
1 25
1 42
1 31
2 27
1 27
1 27
1 31
5 39
5 40
5 51
1 37
5 45
3 11
5 36
2 13
1 22
1 23
5 65
5 41
5 17
1 29
5 32
5 38
5 43
1 34
1 27
1 21
3 15
4 27
1 46
1 30
5 43
1 22
5 56
1 31
5 49
5 25
1 16
5 44
5 51
5 48
5 33
4 31
5 44
4 44
1 22
1 27
5 25
5 26
5 38
5 31
1 15
5 54
5 61
5 53
1 20
5 48
5 40
5 35
1 25
1 26
5 54
4 24
5 37
1 25
5 55
1 32
3 31
1 26
5 57
5 52
5 29
5 49
5 59
4 29
1 24
5 56
5 49
1 23
5 34
1 13
3 6
5 46
4 48
5 35
3 42
5 44
5 37
5 49
5 45
5 48
5 34
5 51
4 19
1 20
5 38
1 22
5 45
5 57
5 30
5 47
5 41
5 48
5 34
5 14
3 30
5 33
5 39
5 38
5 34
4 39
1 22
5 53
5 19
4 38
5 44
5 37
1 10
5 39
4 42
5 63
5 20
4 82
5 26
5 31
5 58
5 31
3 23
5 59
1 26
1 8
4 14
1 6
5 22
5 51
4 16
1 195
5 29
1 37
5 76
5 88
1 29
5 50
5 18
5 57
1 9
1 9
5 28
5 52
1 20
1 10
1 9
1 34
3 12
1 10
5 63
5 46
1 21
4 45
5 46
4 39
1 14
1 20
1 18
5 45
5 21
5 42
1 23
4 37
5 44
1 22
5 47
5 60
1 19
1 18
5 46
5 47
5 39
5 56
1 15
5 32
5 20
5 38
5 71
1 23
1 15
1 21
5 57
4 121
5 101
5 50
5 23
4 40
1 44
1 15
5 68
5 38
5 36
1 29
5 27
5 48
5 35
5 57
1 20
1 17
5 43
5 47
5 61
5 52
1 14
5 36
1 14
5 48
1 8
4 35
5 28
5 38
5 50
5 19
5 33
5 42
5 35
5 47
5 44
5 50
5 47
5 41
5 39
5 26
5 46
5 40
5 45
5 49
5 43
5 34
5 48
5 62
5 40
5 42
5 42
1 19
1 31
1 16
3 15
5 27
5 36
3 26
5 41
5 34
5 44
5 51
5 32
5 31
1 8
5 2
4 42
5 39
4 47
5 36
4 48
5 37
5 50
5 41
5 53
5 37
4 52
5 38
1 17
5 39
5 33
5 39
1 21
5 50
1 17
5 19
5 53
4 37
5 38
1 21
5 49
1 16
1 24
5 35
1 20
3 4
1 20
5 39
1 21
1 14
3 30
5 40
1 14
5 40
5 40
3 8
5 43
5 31
5 30
4 38
5 38
5 42
1 10
5 58
5 44
1 23
5 44
1 12
5 39
5 50
5 51
1 15
1 12
5 34
5 8
5 42
4 50
1 16
1 21
1 14
5 28
5 45
4 38
5 41
5 41
5 35
5 44
3 23
5 62
3 9
1 14
1 20
5 6
5 42
5 36
5 28
5 41
1 20
1 11
1 15
5 47
1 15
4 27
5 47
5 39
5 41
5 41
5 28
1 13
5 47
5 25
4 27
4 49
1 8
5 46
5 45
5 42
1 24
1 23
5 38
1 33
5 43
1 22
5 44
5 33
5 37
1 22
5 36
5 35
5 33
5 32
5 34
5 48
5 34
5 61
5 39
3 25
2 35
1 7
5 40
2 12
5 37
5 36
1 25
5 34
1 37
5 35
1 19
5 42
1 10
1 22
1 18
3 19
5 36
1 13
5 45
1 17
5 34
2 17
5 44
5 39
5 44
5 28
5 43
5 45
1 25
1 9
1 21
5 39
5 37
5 47
5 40
1 11
5 41
5 48
4 35
5 38
5 29
5 57
4 38
5 35
1 7
5 39
4 23
5 35
5 51
5 44
5 61
5 32
5 37
5 21
2 11
5 43
5 34
1 16
5 39
5 60
5 34
5 27
5 36
5 10
5 56
1 19
5 34
5 70
1 13
1 13
5 32
5 31
1 14
4 49
5 31
1 13
4 29
5 34
1 8
5 27
1 17
5 32
5 44
5 51
1 16
5 40
5 61
5 33
5 37
1 10
5 34
5 39
3 24
1 28
1 22
5 49
5 54
5 43
1 12
5 47
5 36
5 39
5 28
5 34
5 35
5 40
4 34
5 31
5 34
5 36
5 37
5 35
5 40
5 37
5 62
5 41
3 46
5 41
1 16
5 34
1 6
5 43
5 26
5 31
1 17
5 36
5 50
5 50
5 45
5 44
1 30
5 35
5 51
5 35
1 22
4 25
1 18
5 29
5 34
5 32
5 35
5 44
5 33
1 12
5 36
5 53
5 51
4 36
5 42
5 38
1 6
5 43
1 78
5 39
5 44
1 19
5 46
4 55
5 34
5 41
5 43
1 26
5 51
5 43
5 44
1 19
4 20
5 45
5 45
1 21
5 43
5 39
1 16
5 39
5 28
1 11
5 39
5 41
1 12
1 17
5 40
5 28
5 39
5 37
5 38
1 35
5 37
5 51
4 37
5 25
5 46
5 52
5 31
5 38
5 39
1 14
5 35
5 48
4 36
5 37
1 469
1 29
4 51
1 6
5 34
5 40
1 6
1 12
5 50
5 49
1 5
5 49
1 17
5 44
5 40
5 46
1 12
5 12
5 40
1 50
5 39
1 15
4 48
5 46
5 51
5 41
5 38
5 40
1 6
1 15
1 13
5 40
1 709
1 13
5 42
5 32
4 31
5 53
4 34
1 10
4 42
1 13
1 291
1 16
1 12
1 20
5 42
1 22
5 28
5 29
1 19
4 32
1 15
5 47
5 39
5 24
5 36
1 29
5 34
5 35
4 32
1 122
5 2
5 88
5 49
5 38
5 35
5 28
4 11
5 35
5 36
5 32
5 42
5 42
5 51
5 37
5 35
1 12
5 30
1 22
5 60
5 32
5 72
5 23
1 18
1 6
5 23
5 13
1 26
1 23
5 38
5 33
5 32
1 506
5 37
5 29
5 36
5 40
5 37
5 32
5 26
5 31
5 45
5 38
4 26
5 27
1 22
4 41
1 31
1 19
5 33
5 36
5 58
5 42
5 48
1 12
5 28
1 15
5 46
5 49
5 34
5 39
2 8
5 15
2 20
1 12
5 31
5 0
2 15
4 52
5 53
5 45
1 18
5 57
1 21
1 23
4 52
1 24
1 16
5 66
5 59
5 72
5 1
1 25
5 75
1 22
4 56
5 47
5 69
1 31
5 78
1 16
5 1
1 18
1 19
4 1
1 24
1 15
1 15
5 44
5 56
5 51
5 81
5 64
5 57
1 15
5 68
5 49
5 57
5 49
5 34
5 56
5 44
5 69
5 60
5 69
1 27
1 27
1 25
4 66
5 48
1 24
1 3
5 83
1 22
5 52
1 20
5 66
5 79
1 21
1 19
1 22
5 67
5 72
5 71
5 73
1 22
5 77
1 21
5 60
1 28
1 26
1 16
5 20
1 29
1 28
5 69
5 67
5 73
1 4
5 5
5 59
1 27
1 30
5 81
1 37
5 77
1 26
5 64
1 20
4 58
1 32
1 143
1 24
3 86
5 20
5 76
5 58
1 253
1 30
1 33
5 46
1 39
4 63
5 76
5 89
1 25
5 64
1 2
1 22
5 105
5 15
5 51
1 38
1 25
5 69
5 101
5 117
5 39
1 32
4 62
5 105
1 22
5 37
5 69
5 126
1 28
5 75
5 117
5 70
1 37
1 27
5 160
5 75
1 26
1 32
1 33
1 26
1 108
5 25
1 26
1 22
5 38
1 106
1 31
5 48
1 4
5 64
5 73
3 20
1 136
5 53
4 46
1 31
1 29
4 65
5 41
5 76
1 53
5 39
5 47
1 29
1 40
5 66
5 28
1 39
5 46
1 30
1 25
1 18
4 79
1 44
1 56
1 4
1 150
1 40
4 29
1 41
1 3
1 34
5 53
3 28
5 33
1 33
3 42
4 50
5 32
1 36
5 55
5 51
1 34
3 20
1 33
5 50
1 59
1 42
5 43
5 44
5 60
1 38
5 34
5 43
5 34
1 37
1 32
5 41
1 40
5 84
1 25
5 53
5 33
5 58
5 41
1 29
1 1
5 3
1 26
5 62
5 39
1 46
1 175
1 34
5 35
5 3
4 36
5 34
5 47
1 305
5 57
5 49
5 38
5 35
5 55
1 38
1 38
1 45
5 59
1 6
1 28
1 51
5 25
5 62
1 29
4 121
5 63
5 30
5 58
1 20
5 72
5 39
1 44
1 34
1 32
1 37
1 34
1 55
1 43
5 27
1 33
1 35
5 31
5 47
5 75
5 42
5 72
5 3
1 31
1 23
5 56
5 3
1 26
5 65
5 64
1 50
3 37
1 55
1 49
1 73
1 25
5 66
1 28
5 40
1 33
3 22
5 45
5 60
4 34
5 54
5 46
5 58
5 62
1 25
5 38
1 25
5 28
5 51
5 54
5 2
5 53
5 60
1 33
5 62
1 29
1 28
5 69
1 21
1 3
4 43
1 50
1 27
5 62
1 29
1 189
5 56
4 46
5 58
5 46
5 54
1 32
5 59
1 24
5 53
4 18
5 78
1 37
5 46
1 22
5 46
5 48
5 64
5 53
5 55
1 30
1 30
5 62
1 27
1 19
1 32
1 196
5 35
1 35
1 26
5 36
1 38
1 31
1 22
5 55
5 70
5 54
5 27
1 19
1 29
1 39
5 59
5 9
5 61
5 69
5 78
5 65
1 41
1 191
1 36
5 46
1 85
1 38
3 2
5 71
4 28
1 26
1 29
1 28
5 47
1 26
1 38
5 66
1 3
1 35
5 51
1 24
5 65
3 7
1 31
1 12
5 45
4 87
1 29
5 56
5 41
4 27
4 45
1 133
5 65
5 69
1 39
5 39
5 68
4 53
1 33
5 4
1 27
1 30
1 30
1 14
4 69
5 48
5 51
1 34
5 57
5 52
1 167
5 90
5 72
1 30
5 53
1 44
1 38
5 60
1 12
5 50
5 31
5 61
5 28
5 91
5 79
1 29
1 24
5 60
1 73
5 61
1 37
5 32
2 34
3 19
5 65
5 35
5 46
5 52
5 54
1 11
5 20
1 13
1 12
1 11
1 12
1 13
1 13
1 14
1 12
5 23
4 9
5 15
1 14
1 13
1 10
5 15
1 12
5 25
1 12
1 12
5 18
1 13
1 9
5 21
1 13
1 14
5 25
1 11
1 13
1 10
5 13
5 34
1 11
1 12
1 12
1 12
1 10
5 50
2 13
1 12
1 9
1 13
5 14
5 29
1 12
1 12
5 28
5 27
1 11
5 8
5 13
1 13
5 34
1 12
1 11
5 16
1 11
1 13
1 13
1 13
1 13
5 15
1 13
5 27
5 15
1 13
5 26
5 29
4 21
1 13
1 7
5 24
1 13
5 30
1 11
1 11
4 9
1 9
1 9
5 12
1 8
1 9
5 12
1 10
2 9
5 14
1 10
1 9
5 11
4 10
1 11
1 7
1 9
1 11
1 10
1 10
5 14
1 8
5 11
5 15
5 11
1 6
5 12
5 14
1 10
5 11
1 10
1 10
1 8
5 13
5 14
5 12
1 8
5 10
4 10
1 9
3 1
1 8
5 14
5 14
1 10
1 8
5 11
3 10
1 11
5 11
3 3
1 10
4 10
1 8
5 14
1 8
5 10
1 4
5 10
1 6
5 11
3 5
5 7
5 3
5 8
5 11
5 10
1 10
5 10
1 8
5 13
4 8
5 5
1 5
1 8
1 9
5 12
1 8
1 6
5 7
5 7
5 9
5 8
1 7
5 9
5 11
5 11
1 7
5 10
1 5
1 6
3 9
4 7
5 10
5 0
5 10
1 5
1 7
5 8
5 8
1 10
1 9
1 10
5 8
5 13
1 9
1 9
4 8
1 8
5 10
1 7
5 6
5 9
5 4
4 5
5 8
5 6
5 8
1 6
5 7
1 5
5 6
5 6
1 8
1 6
5 8
1 6
5 9
5 9
5 5
1 7
5 7
1 3
1 6
5 9
5 7
1 6
1 5
1 6
5 5
1 6
4 5
5 7
1 6
1 6
1 8
5 5
4 5
2 6
5 8
5 7
5 7
1 5
4 5
1 4
5 5
1 6
5 20
1 6
5 8
1 6
1 7
1 4
3 2
5 6
4 6
5 4
1 5
5 7
5 8
1 5
5 8
5 9
4 5
5 8
1 3
1 4
5 6
5 7
5 6
5 7
5 5
5 6
1 6
1 6
1 6
1 7
5 6
1 6
5 5
1 5
5 8
4 4
4 7
5 6
5 8
5 8
1 5
5 7
1 6
1 5
5 7
5 5
1 5
5 9
1 5
5 7
5 9
1 5
1 7
5 5
5 5
5 4
4 5
5 4
5 5
1 7
1 6
5 5
1 5
1 6
5 4
1 6
5 4
3 3
5 4
1 23
1 5
5 4
1 4
1 8
4 4
2 7
4 5
5 5
1 6
5 5
5 5
1 7
1 7
5 4
1 6
5 4
2 7
5 4
5 5
3 5
5 8
5 6
5 6
5 5
5 5
5 4
1 7
5 5
1 8
5 4
5 6
1 7
5 6
1 7
5 4
1 7
1 8
1 6
5 2
5 3
1 6
1 7
5 2
1 2
4 3
5 4
5 4
5 3
5 3
5 4
5 4
5 5
1 5
4 2
5 3
5 2
5 4
5 4
5 3
1 6
5 3
5 4
5 4
5 2
5 2
5 3
4 1
5 3
5 2
5 3
5 4
2 7
5 5
5 3
4 4
1 5
1 4
1 5
1 5
5 4
1 6
5 3
5 3
1 6
1 6
5 4
3 0
5 5
3 2
1 5
1 6
5 2
5 2
4 3
5 3
1 6
4 3
1 4
5 3
5 2
5 2
5 2
5 2
1 7
5 2
5 2
5 5
5 5
5 3
5 3
1 5
1 3
1 6
5 2
1 7
5 2
1 6
3 0
5 5
5 4
4 4
5 2
5 7
5 2
1 5
4 37
5 4
5 5
5 3
1 4
1 4
1 4
1 5
1 5
1 2
1 4
1 4
5 2
5 2
5 3
1 3
1 5
1 4
5 2
2 5
1 5
4 1
4 1
5 2
1 4
1 3
1 4
5 2
1 5
5 3
5 2
5 3
5 2
1 4
5 3
5 2
5 2
5 2
2 5
1 5
5 2
1 3
4 1
5 1
1 3
1 5
1 5
1 4
1 4
1 5
5 3
1 4
3 1
1 4
1 5
1 5
1 4
1 5
1 3
1 4
1 5
1 5
1 4
5 2
4 1
1 4
1 4
1 4
1 4
5 2
1 4
3 114
5 2
5 2
1 4
1 5
5 2
5 9
5 2
1 5
1 4
1 5
1 4
5 2
1 3
4 2
1 4
1 3
5 1
1 3
1 3
5 2
1 4
1 5
5 2
5 3
1 2
5 3
5 1
4 1
1 4
5 1
5 2
5 2
5 19
1 3
1 4
1 4
5 2
1 2
5 2
5 2
1 3
5 2
4 0
5 2
1 3
5 3
5 2
1 5
1 3
5 3
5 1
5 0
4 2
1 3
1 3
5 2
1 3
5 1
1 5
5 2
1 5
2 5
5 1
1 3
1 3
1 3
5 1
1 5
5 2
5 376
5 1
1 2
5 8
5 6
5 6
4 5
5 5
4 14
1 3
1 3
4 6
5 124
5 6
5 8
1 2
1 8
5 4
1 3
1 2
1 4
5 20
1 11
1 37
5 7
1 4
1 2
5 40
5 3
4 3
5 4
5 5
1 2
5 6
5 6
5 7
1 3
1 34
1 19
5 24
2 2
1 2
5 6
5 6
1 1
5 5
1 4
5 6
4 5
5 536
5 1547
1 4
5 6
1 2
1 2
1 21
1 2
5 6
5 24
1 3
5 2
5 2
1 2
1 6
1 4
5 4
1 6
1 1
5 55
1 6
1 866
1 1
1 5
1 1
5 198
4 77
5 77
1 2
1 7
5 104
1 2
1 1
1 1
1 17
1 1
1 7
1 2
1 14
5 58
1 1
5 59
1 25
5 81
1 3
1 9
5 259
5 10
1 2
1 19
1 10
1 5
1 5
1 13
4 276
5 2079
1 2
1 4
1 13
5 13
1 4
5 9
5 108
1 3
1 3
1 40
5 177
5 5
1 4
5 189
1 4
1 2
1 17
1 12
5 422
3 24
5 435
1 29
1 26
1 10
1 7
2 46
3 10
5 14
5 20
5 406
5 22
