1 10
4 7
5 4
1 14
5 4
4 1
4 3
5 2
5 9
1 15
1 8
1 9
5 4
1 11
5 6
1 13
5 4
4 1
1 14
1 17
5 5
5 10
5 6
4 4
1 11
3 0
1 16
5 4
5 5
5 6
5 5
5 6
5 4
5 3
5 4
4 4
5 6
4 2
5 4
5 5
1 14
1 154
1 18
5 7
1 16
3 2
2 3
5 2
5 2
5 1
5 5
4 1
4 1
4 2
4 7
5 3
4 4
1 12
4 2
5 5
4 4
1 10
5 7
5 5
5 4
2 14
1 11
5 8
5 17
5 11
5 6
5 5
5 8
5 7
5 7
5 4
5 7
5 8
5 9
5 6
1 5
5 40
5 4
5 6
4 11
4 23
1 7
4 5
4 16
5 4
1 7
3 4
5 4
4 3
5 4
5 6
5 4
5 7
5 10
5 11
1 9
5 10
5 5
4 15
5 6
5 5
1 11
5 9
4 6
5 10
1 13
4 6
5 8
4 6
5 6
4 12
5 11
1 8
1 13
4 5
5 4
5 12
5 11
5 10
5 11
1 10
2 12
5 4
1 9
4 7
5 3
5 2
1 12
5 3
4 8
5 5
4 4
5 1
5 2
5 2
4 5
5 6
2 8
1 12
5 12
5 23
4 11
1 10
4 11
5 11
1 8
5 6
1 15
1 9
1 9
5 4
5 5
5 4
5 7
5 7
1 13
5 7
5 3
1 6
1 7
5 11
4 8
4 6
5 5
5 5
4 4
5 8
5 8
5 14
5 10
4 10
4 9
5 6
5 7
1 15
1 12
1 13
5 5
5 9
5 7
5 4
5 7
1 16
5 9
2 9
1 36
5 3
1 41
1 15
5 4
5 7
5 5
5 2
5 3
5 2
1 20
1 13
5 2
5 3
1 17
4 1
1 15
1 91
1 16
4 3
1 14
3 2
4 6
5 5
1 18
1 16
5 3
1 12
4 6
1 23
4 7
1 9
1 29
3 5
1 24
2 7
1 25
3 6
1 22
5 6
1 17
5 7
3 9
5 10
1 15
1 13
1 11
5 10
5 7
5 32
1 19
1 32
5 4
5 5
1 30
5 8
1 17
1 17
5 4
5 11
5 6
1 16
5 4
1 29
2 9
5 6
5 6
1 118
5 6
1 16
1 14
1 15
4 9
1 17
5 6
1 11
1 11
5 14
1 13
5 5
5 4
5 5
5 8
5 7
5 4
5 3
5 1
5 2
5 2
5 2
1 18
5 2
5 1
1 9
1 19
5 2
4 3
1 8
1 6
1 15
1 15
5 2
5 3
5 4
4 4
1 10
5 8
5 3
1 6
1 16
1 19
5 5
5 4
4 3
5 4
4 2
5 2
5 1
1 15
5 2
5 3
2 10
5 2
1 16
1 14
5 5
5 5
5 6
1 17
5 6
5 5
1 15
5 5
4 5
1 15
1 14
1 18
1 14
4 6
4 7
1 17
5 8
1 15
1 9
1 14
1 26
5 26
5 5
1 17
5 2
5 9
1 23
5 3
5 2
1 12
5 2
1 16
5 2
1 23
5 2
5 4
5 5
5 2
5 3
1 23
5 7
4 3
1 26
5 32
5 5
1 10
5 2
1 29
5 6
4 8
5 6
1 4
5 4
5 4
5 7
1 26
1 26
5 8
1 17
4 8
1 11
1 13
5 8
5 8
5 5
4 8
1 15
5 1
5 12
1 12
2 211
5 4
1 20
5 6
5 4
1 10
5 8
1 14
5 6
4 5
5 6
5 3
1 11
1 9
5 5
5 5
1 13
5 13
4 2
5 1
1 14
4 18
5 9
3 16
1 18
5 8
2 16
5 4
5 7
1 16
1 16
5 7
1 12
1 9
5 9
1 13
1 13
4 10
1 13
4 9
5 6
5 10
5 34
4 10
5 26
4 11
5 19
5 8
3 4
1 18
4 7
1 22
1 12
5 4
1 41
5 3
5 3
1 16
2 9
1 21
5 3
5 4
5 3
1 38
5 4
1 29
4 0
1 52
5 3
5 7
1 18
1 16
1 37
3 5
1 16
1 31
5 5
5 4
1 14
1 21
4 2
1 39
1 27
1 23
1 19
5 5
1 18
3 1
5 7
5 5
1 20
5 4
5 21
5 4
5 7
4 3
3 1
1 16
4 3
1 21
5 3
5 3
5 3
5 4
5 27
5 18
1 16
3 5
1 16
4 3
5 3
5 3
4 3
5 2
5 9
5 11
5 33
1 10
5 3
1 16
5 4
5 6
1 13
1 42
1 9
1 9
4 4
1 21
5 11
5 10
1 12
1 28
1 13
4 4
1 13
5 6
5 28
3 9
5 6
5 4
1 12
4 4
1 9
1 10
5 9
5 5
4 49
5 7
3 5
5 4
5 3
5 4
5 6
1 19
5 8
5 6
5 5
4 4
5 1
5 27
1 8
1 8
1 8
5 5
1 12
5 16
4 3
5 0
5 4
4 3
1 12
5 2
5 1
5 1
5 3
5 5
4 2
3 7
1 13
1 19
5 5
1 17
5 3
1 13
5 9
4 22
5 4
5 1
5 2
1 526
5 8
5 6
5 1
1 8
5 11
5 5
4 1
1 9
1 10
5 1
1 11
1 12
1 14
5 4
1 21
1 12
2 12
5 15
1 12
1 11
5 7
1 12
1 21
1 5
5 4
4 3
5 4
5 4
5 13
4 38
5 12
4 5
4 3
5 5
5 6
5 2
1 27
5 3
4 5
5 5
5 9
5 5
5 6
1 27
5 8
4 3
5 10
4 53
1 12
1 14
5 3
5 7
5 18
4 72
5 19
1 18
1 45
5 2
1 16
5 22
4 1
1 17
4 1
5 2
5 2
1 21
1 18
1 14
1 16
4 12
4 1
1 15
5 7
4 7
1 13
1 18
3 4
5 2
1 11
1 17
1 13
5 1
1 14
5 1
5 5
1 8
1 10
1 74
5 1
2 10
5 6
4 3
5 11
1 3
5 1
5 11
1 75
5 3
5 3
5 17
4 4
1 15
5 4
5 3
1 18
5 9
2 5
3 13
5 4
5 5
5 5
5 21
5 15
1 19
1 18
1 30
5 11
1 29
1 32
1 31
1 27
1 37
1 80
1 3
1 35
1 26
1 50
1 22
1 40
5 5
1 29
5 9
5 4
5 9
1 33
5 5
5 8
3 34
1 30
1 5
5 9
3 5
1 31
4 7
1 27
4 5
5 5
