5 0
4 21
1 27
1 28
1 16
4 3
5 5
5 10
5 12
5 10
1 12
1 15
5 6
1 14
5 5
4 16
1 17
5 3
1 27
1 37
4 5
5 6
4 2
4 11
1 15
5 14
1 15
5 4
1 9
1 10
5 6
5 43
5 6
1 10
1 7
1 10
1 25
5 5
1 16
1 15
1 13
5 9
5 15
5 14
5 4
1 2
5 12
5 4
5 6
2 5
1 14
1 5
1 8
5 5
5 5
1 7
1 5
1 8
5 6
5 14
1 10
1 10
5 6
1 8
5 12
1 8
1 11
1 8
2 6
5 13
1 10
5 6
1 3
1 3
2 8
5 14
5 11
4 4
5 11
1 10
4 35
4 5
5 40
5 29
4 38
5 10
1 8
2 5
5 11
5 10
1 2
5 35
2 8
1 28
5 9
5 9
5 38
5 39
1 16
1 17
1 14
5 43
5 10
1 10
5 19
5 14
1 12
5 15
3 5
2 6
5 8
1 17
5 10
1 10
1 9
1 8
1 4
5 9
5 19
1 11
1 8
1 17
1 15
5 22
1 20
5 21
5 10
1 22
5 24
5 27
4 16
5 34
1 28
5 8
2 18
1 11
5 1
4 7
1 14
5 6
5 13
5 33
5 3
5 20
1 13
2 5
5 6
1 15
5 216
5 19
1 26
5 20
5 22
3 6
1 11
4 1
5 45
5 26
1 18
1 13
1 14
5 15
5 12
1 14
1 14
4 3
5 5
1 15
1 13
1 14
1 10
1 20
3 8
3 15
5 8
1 22
1 16
1 13
1 10
1 13
1 10
1 11
1 16
1 19
1 7
1 3
3 11
1 8
1 10
1 18
5 11
4 6
2 1
1 15
1 13
1 7
3 11
1 4
1 15
3 8
5 2
5 5
5 2
5 2
5 2
5 2
5 3
5 1
3 3
5 4
5 2
5 2
5 2
5 1
5 5
5 2
5 6
5 7
5 1
5 2
5 1
5 2
5 2
5 2
5 4
5 1
5 2
4 1
5 2
4 0
5 1
5 3
1 5
5 2
5 4
5 2
5 2
5 5
5 6
1 7
5 1
5 1
1 8
5 2
5 1
5 4
4 4
5 1
5 1
5 7
4 12
5 11
1 16
5 1
5 5
4 0
5 2
5 2
5 2
5 3
5 3
5 2
5 2
5 2
5 2
5 4
5 2
5 3
5 3
5 2
1 11
5 2
4 2
5 3
5 0
4 0
5 3
1 0
5 3
5 3
5 3
5 1
1 14
5 2
5 2
5 4
5 2
5 2
4 1
5 2
5 1
5 2
5 3
5 2
5 3
4 1
5 2
5 2
4 1
3 0
5 2
3 8
5 1
1 10
5 1
5 3
5 1
5 2
5 5
5 4
5 3
5 2
5 2
5 6
1 9
5 6
5 5
1 5
5 6
5 5
5 4
5 1
5 2
5 2
5 1
5 6
1 4
5 3
5 6
5 3
5 1
5 2
5 4
5 2
5 1
5 2
5 1
5 1
5 3
5 1
5 2
5 3
5 4
5 5
5 3
5 1
5 1
5 5
5 2
5 6
5 5
5 3
5 1
5 2
5 1
5 2
1 5
4 5
5 5
2 2
5 5
5 3
5 2
5 6
5 3
5 2
5 6
5 0
5 3
5 2
5 2
5 2
5 1
5 1
5 1
5 3
1 14
5 3
5 6
5 5
5 8
5 5
2 6
5 7
5 5
5 7
5 5
5 7
5 6
1 12
5 4
5 5
5 6
5 6
5 6
5 6
1 2
5 6
5 7
1 13
5 8
4 3
5 3
5 7
5 7
5 7
4 8
5 9
1 11
3 3
1 12
1 8
5 5
1 9
5 6
1 9
5 5
1 7
5 5
1 0
5 6
5 7
1 2
5 7
5 7
1 10
1 8
1 5
5 13
1 4
3 2
5 9
5 7
1 5
5 12
5 9
5 9
5 6
1 5
5 8
1 11
1 5
4 5
5 10
5 8
2 1
4 12
5 6
1 4
5 6
1 4
5 12
1 10
1 9
5 10
1 10
1 9
1 9
4 11
1 8
1 11
5 13
1 18
5 12
1 10
2 1
5 13
1 12
5 13
1 16
4 8
1 1
1 5
1 16
1 14
5 9
5 11
1 18
1 19
1 10
1 16
1 10
1 12
1 15
2 13
1 18
2 3
1 36
1 17
1 12
1 20
2 6
1 13
1 13
1 10
1 21
5 18
1 12
5 12
5 9
1 7
1 18
5 12
1 18
4 10
4 8
5 12
3 2
1 20
5 16
1 20
5 13
5 13
1 14
1 26
4 16
5 22
1 16
1 28
1 19
2 8
1 21
1 20
1 18
1 13
5 11
1 17
2 10
1 14
5 19
1 22
5 15
1 44
1 22
4 13
1 17
1 21
1 25
1 19
1 5
1 19
5 10
1 16
4 18
1 30
5 8
5 20
1 19
3 4
4 19
1 41
5 11
5 13
5 18
4 16
1 13
5 38
5 10
1 20
4 17
1 11
1 14
1 24
1 15
2 7
1 18
1 18
1 22
1 21
1 7
3 13
1 24
1 9
1 17
2 11
3 16
4 20
1 5
1 6
1 12
1 3
1 29
1 13
1 14
1 17
5 18
4 17
1 9
5 18
1 19
1 13
1 17
1 18
1 16
1 28
1 17
1 12
5 8
1 10
1 26
1 20
1 16
1 4
1 12
1 21
1 15
1 11
1 16
5 14
1 8
1 4
1 11
1 37
1 35
2 19
1 13
1 41
5 12
5 23
1 28
1 30
1 35
1 16
5 5
1 33
1 3
1 47
5 15
1 19
1 30
1 16
1 9
1 46
1 35
5 16
1 19
5 12
1 29
1 39
1 29
1 19
5 13
1 23
1 18
5 12
2 10
1 20
1 16
1 22
2 12
1 19
1 15
1 14
1 29
5 24
1 19
5 12
1 7
3 15
4 8
1 20
5 1
1 19
1 16
1 22
5 13
5 13
1 31
4 9
2 10
2 5
1 18
5 8
1 7
1 19
5 14
1 36
1 28
1 29
1 30
1 29
1 38
1 18
1 22
1 21
1 24
3 10
3 14
2 8
4 10
2 19
1 5
2 18
5 11
1 25
5 19
2 17
1 24
1 17
5 16
5 15
4 9
4 9
4 10
1 25
1 25
3 25
5 16
5 12
1 30
1 29
3 35
1 28
1 26
5 20
1 31
1 29
2 15
1 20
1 16
5 7
1 23
5 8
1 8
1 19
1 35
1 20
1 30
5 11
1 17
1 30
1 32
1 23
1 29
4 10
4 9
1 28
3 6
5 11
4 8
3 12
1 15
4 7
1 18
1 14
3 13
5 20
5 10
3 11
1 28
1 26
1 33
2 20
1 30
1 23
1 29
1 32
1 21
1 26
5 10
2 27
1 52
1 32
2 38
1 38
1 28
2 20
4 11
2 9
5 10
4 3
1 66
1 22
1 14
1 13
1 29
5 10
1 23
1 16
1 18
3 30
1 13
1 23
1 35
1 55
1 23
1 21
1 28
5 6
5 10
5 12
1 20
5 12
1 16
1 38
2 8
4 11
2 12
1 31
1 18
1 18
2 12
2 16
2 14
1 25
5 14
1 22
1 18
1 29
1 19
1 20
1 34
5 31
1 47
1 18
1 45
3 24
5 6
1 24
2 33
1 20
1 4
1 54
1 27
5 12
1 78
2 21
1 26
1 82
2 6
1 33
4 12
1 15
1 10
5 9
1 13
1 33
1 23
1 32
1 17
1 23
5 15
1 19
4 7
4 16
3 9
1 7
3 22
5 18
1 40
1 12
1 4
1 28
5 30
1 19
5 22
1 14
1 18
1 15
4 9
5 16
1 16
1 18
1 31
5 10
5 23
3 9
1 10
2 9
5 9
1 16
1 14
1 16
1 7
1 30
1 34
1 14
1 15
1 19
2 22
1 14
1 36
1 22
1 17
1 28
1 19
1 16
5 13
5 15
1 26
4 17
1 75
1 45
1 76
3 11
3 15
2 16
5 7
1 17
1 10
1 33
1 32
4 16
1 14
5 15
1 26
1 19
1 78
1 48
1 40
2 36
1 29
1 36
4 20
5 12
1 132
1 3
