3 16
5 12
5 8
2 12
1 15
5 9
5 5
1 25
2 14
2 7
5 10
5 8
5 11
5 6
5 7
3 5
1 5
5 2
1 6
4 2
4 2
4 3
4 5
5 2
1 4
1 10
4 3
4 1
1 3
1 15
1 14
1 9
5 5
1 17
1 19
5 4
5 10
1 15
5 12
5 9
1 8
1 3
1 6
1 5
1 48
5 8
1 10
5 4
5 2
1 4
1 7
1 10
1 0
1 4
1 6
1 8
1 6
5 4
1 6
1 6
1 7
5 5
4 6
1 15
1 10
1 15
1 6
1 6
4 11
1 10
5 10
1 13
5 6
1 7
1 6
1 2
1 8
5 4
1 3
1 4
5 3
2 12
1 2
3 2
1 12
4 8
5 15
1 15
1 14
1 21
5 2
3 3
5 13
5 9
5 7
5 7
3 5
2 12
5 4
5 8
1 7
5 9
3 9
5 9
4 12
1 12
5 8
5 8
5 13
5 6
2 9
1 8
5 2
1 2
1 2
1 4
1 5
2 3
1 5
5 14
5 7
1 5
5 7
1 8
5 32
1 32
1 31
3 13
1 27
1 87
1 24
5 7
3 12
1 105
2 24
4 64
4 14
3 16
5 6
1 8
1 57
1 24
4 17
1 394
5 13
1 46
5 17
5 11
4 10
1 202
5 5
1 110
2 51
1 119
1 10
1 12
5 3
1 22
5 6
5 8
5 7
5 11
1 23
5 14
2 21
2 15
1 28
2 22
1 81
2 20
1 24
5 12
3 3
3 7
1 11
4 16
4 10
5 11
1 10
3 5
5 11
1 13
5 14
1 12
5 9
5 16
5 6
4 6
5 7
5 10
2 12
1 12
1 12
5 16
1 0
1 0
1 8
5 13
1 8
3 18
1 9
5 12
5 6
1 5
5 19
1 11
1 13
5 16
4 11
5 8
4 7
3 7
1 6
1 43
1 13
4 0
5 20
5 19
1 0
1 14
1 12
1 46
5 9
4 13
4 8
1 16
4 11
1 11
5 0
2 20
5 17
5 13
5 11
1 6
1 17
3 6
4 8
1 15
1 11
4 26
1 10
5 12
4 44
1 10
1 12
1 7
5 13
1 7
1 10
1 5
5 14
4 6
5 27
5 17
5 21
5 13
5 16
5 7
5 29
1 14
1 9
1 12
5 13
1 16
1 11
5 20
4 10
5 10
2 21
1 13
1 13
4 14
1 11
1 8
1 13
5 1
5 5
5 8
1 11
5 7
5 28
2 22
5 24
4 16
1 8
1 8
1 5
5 11
5 14
5 9
5 8
5 39
5 6
1 22
5 41
5 37
1 11
5 22
5 0
4 12
5 8
5 17
1 17
2 6
5 14
5 6
5 4
5 4
1 21
5 7
5 15
1 13
1 14
1 6
5 24
5 16
5 32
5 12
1 9
5 14
5 27
1 9
4 7
1 35
5 6
1 22
1 77
5 15
1 4
1 28
4 12
5 4
1 10
5 5
5 2
1 4
1 18
5 4
5 9
5 3
2 6
5 8
5 7
1 12
4 14
5 5
1 11
1 12
4 1
1 9
3 9
2 8
1 14
3 1
3 3
2 14
1 16
1 9
5 6
4 11
5 11
1 8
3 10
1 30
2 11
4 2
5 6
5 9
5 24
1 15
5 6
1 15
5 9
5 5
5 36
1 19
5 5
1 15
5 0
4 7
5 5
5 7
1 11
1 8
5 7
5 3
1 25
5 34
5 11
5 23
1 17
1 20
1 13
1 31
3 10
5 45
3 24
3 25
4 54
5 0
1 53
1 119
5 54
5 111
4 19
3 216
5 96
4 72
2 86
4 22
2 815
5 110
4 32
5 38
5 34
4 17
5 25
5 31
5 15
5 17
5 36
1 36
5 0
2 113
5 12
5 12
5 12
1 39
4 25
1 47
1 139
5 18
5 20
5 15
1 42
5 63
5 11
3 10
1 15
5 11
4 72
5 9
1 36
5 12
5 30
1 22
3 8
1 29
3 11
4 41
5 17
1 34
5 19
4 12
1 13
5 52
1 23
5 31
1 23
1 23
1 22
2 11
3 23
5 62
2 10
5 17
1 14
5 9
5 16
5 21
1 15
3 5
3 5
1 21
5 20
5 13
5 8
5 32
5 38
5 16
5 15
5 7
5 9
5 77
1 16
5 7
5 12
4 10
5 12
5 7
5 7
1 41
1 16
5 9
1 16
5 0
5 7
1 12
1 19
5 6
5 0
4 6
5 8
5 6
5 5
1 12
5 5
5 8
1 0
1 38
5 6
5 6
1 7
2 9
1 17
4 12
5 7
5 9
5 6
5 11
5 5
5 14
5 8
5 8
5 6
5 6
5 9
1 29
5 17
1 33
3 9
5 26
5 9
5 87
5 0
5 7
5 5
5 6
5 7
2 23
1 11
1 16
5 6
2 6
5 11
5 6
5 8
5 5
2 12
5 10
5 7
5 6
5 8
1 17
4 11
1 39
1 27
5 27
5 28
1 74
1 51
1 117
1 12
1 29
1 18
5 55
1 15
5 25
1 17
5 56
5 41
1 36
1 29
5 22
5 53
5 39
1 22
1 34
2 33
1 0
4 23
1 18
3 7
2 5
5 17
5 20
5 20
1 12
3 10
1 19
5 21
5 0
5 15
5 38
1 10
5 1
5 20
4 73
5 101
5 68
5 52
5 11
1 5
5 17
4 20
5 75
4 12
1 19
5 38
5 17
5 17
5 17
1 20
4 12
1 14
3 5
5 17
5 19
4 14
5 17
4 15
5 21
1 14
1 11
5 14
5 14
5 20
5 16
1 18
5 21
5 14
5 18
4 14
5 12
5 12
5 16
2 6
5 12
5 16
5 12
4 9
5 17
5 16
5 12
5 12
5 67
5 17
5 10
5 0
4 9
4 15
5 17
3 0
5 14
5 12
1 7
5 7
5 10
1 21
4 10
5 12
1 0
1 18
5 11
4 9
1 19
5 136
4 11
5 27
4 21
1 19
1 10
5 16
5 13
5 34
4 13
5 13
5 16
1 11
5 16
4 8
5 13
1 13
1 20
5 19
4 23
5 11
5 9
5 114
5 14
5 11
4 11
5 12
5 12
5 15
5 13
1 16
5 12
5 10
5 16
5 0
5 12
5 15
3 9
5 26
4 8
5 16
5 26
5 15
5 15
5 12
5 17
5 12
5 10
1 17
5 12
5 32
5 12
5 16
5 18
5 35
5 22
5 13
5 19
5 27
5 15
1 29
5 14
5 0
5 27
5 19
5 17
4 11
5 14
5 34
5 12
5 49
5 146
1 21
5 17
5 12
5 16
5 15
5 15
4 16
5 14
5 33
5 39
5 14
5 16
1 36
5 13
5 19
5 258
5 273
1 141
