5 21
5 34
1 27
4 14
1 21
5 9
1 42
1 44
1 46
1 25
1 23
1 19
1 25
3 15
1 33
5 11
4 5
5 13
5 13
1 12
1 15
4 13
1 16
5 9
5 10
1 16
4 9
5 11
1 18
5 18
1 21
5 14
5 8
5 11
1 16
5 8
1 17
5 15
2 11
5 73
2 22
5 89
5 13
5 12
1 16
5 10
1 13
5 11
1 12
5 16
4 22
2 8
1 17
5 10
1 18
1 11
2 7
5 8
1 12
5 7
2 18
5 7
1 13
1 15
1 17
5 16
5 5
5 7
1 21
1 19
2 10
1 27
4 10
1 17
3 5
5 12
5 8
5 9
5 6
5 6
1 24
1 20
2 20
5 2
5 6
5 9
1 31
4 5
1 23
2 22
1 5
5 5
1 15
1 19
1 16
5 7
4 5
5 12
1 18
1 17
1 17
5 7
5 11
5 5
1 19
1 21
1 19
1 20
1 17
1 26
4 16
1 11
1 10
5 9
5 7
1 12
5 8
5 9
5 6
5 9
5 9
2 13
5 11
1 24
5 12
1 15
5 5
5 9
4 3
1 45
5 7
5 4
5 4
1 12
5 5
5 8
2 13
3 1
2 3
5 9
5 8
1 12
5 8
1 28
2 19
1 22
5 9
1 19
5 11
1 20
1 13
1 13
4 7
1 18
3 13
1 29
1 10
1 23
1 18
1 17
1 9
5 7
2 8
1 10
2 10
5 6
1 6
2 5
5 10
1 23
1 10
5 6
5 9
5 8
5 6
1 17
3 11
5 7
1 10
5 3
1 11
1 12
2 13
5 6
1 14
1 10
1 10
4 2
5 3
5 2
1 10
5 8
1 16
1 14
1 6
5 6
5 95
1 17
1 9
1 11
5 8
1 11
5 5
1 25
4 5
1 20
5 9
1 11
1 20
1 15
4 4
1 14
5 4
5 2
5 7
3 1
5 2
5 5
5 2
5 5
5 2
5 4
1 45
1 17
1 21
1 22
1 22
5 5
1 17
5 6
1 15
1 13
1 15
1 9
2 17
5 3
5 6
1 10
5 4
1 16
5 5
2 12
5 5
5 1
2 7
5 3
1 25
5 5
5 6
5 5
1 15
1 21
1 23
5 2
1 31
1 26
1 22
5 4
1 24
5 12
1 30
5 7
1 10
1 18
4 1
1 14
5 7
1 24
1 10
2 8
1 13
1 34
5 5
1 38
1 20
5 10
1 24
2 13
1 26
1 35
1 32
1 31
2 6
3 5
5 17
4 34
2 7
1 22
1 23
5 3
1 36
1 41
5 4
2 7
5 11
5 7
1 21
5 5
4 10
1 9
1 155
1 22
1 9
1 19
1 16
5 6
1 9
1 10
1 11
5 6
5 7
1 7
5 4
1 8
5 11
5 11
3 7
1 17
5 13
1 10
1 14
5 10
1 16
5 10
1 6
1 7
1 5
5 6
4 11
1 15
1 14
5 8
5 8
1 11
5 7
5 7
1 1
5 4
2 17
1 9
5 8
5 7
1 14
5 7
5 10
5 11
1 14
1 9
5 5
1 11
1 21
1 6
3 2
5 19
3 7
5 4
1 9
1 7
1 5
1 7
5 7
4 5
3 4
1 14
1 11
1 9
1 10
5 10
5 23
5 12
1 23
1 20
1 11
1 27
5 5
5 8
1 3
1 8
1 13
1 6
2 1
3 13
2 1
5 149
2 4
1 7
1 10
1 11
1 9
5 10
1 6
1 4
1 9
5 9
1 7
4 6
4 10
1 9
2 4
1 11
1 8
5 9
1 5
1 8
5 13
5 12
2 45
1 8
1 12
5 5
1 14
5 9
1 11
1 20
2 9
3 3
5 4
1 15
1 19
1 16
5 6
5 9
1 21
4 5
5 5
1 51
1 22
1 19
3 10
2 18
1 13
5 6
1 15
1 11
1 14
1 19
1 15
4 3
1 13
1 13
1 14
5 10
2 43
5 7
5 8
5 12
2 2
1 13
1 10
1 13
5 7
1 7
1 17
1 12
5 9
1 9
1 17
5 10
5 6
1 10
4 6
1 11
1 8
4 8
5 7
5 6
5 10
1 7
1 8
1 15
5 1
1 13
2 0
1 13
5 6
5 21
5 14
5 10
5 12
1 20
1 12
1 5
1 17
5 17
1 15
5 11
1 12
5 10
1 5
1 7
1 9
1 6
1 13
1 82
5 19
5 62
1 16
5 12
5 7
1 25
5 9
2 7
1 11
4 4
4 10
5 9
1 19
5 7
5 9
5 9
5 6
5 52
1 11
3 4
1 7
1 20
3 2
1 12
1 32
5 13
1 35
5 24
5 14
1 25
1 42
1 24
5 9
1 27
5 18
5 7
1 7
1 21
2 2
5 6
1 9
1 5
1 99
2 3
5 10
1 7
1 13
5 12
1 7
5 11
1 8
1 8
5 8
1 20
5 11
1 12
1 20
5 9
5 10
1 17
1 34
5 19
1 107
5 11
5 3
5 8
1 11
1 19
2 5
1 13
5 10
1 14
2 14
1 17
5 20
2 18
1 19
5 22
1 25
1 15
5 14
1 15
5 17
5 18
5 18
1 12
5 9
5 19
1 19
1 16
5 6
1 10
1 16
5 15
1 22
1 12
1 26
1 9
1 17
1 19
5 15
1 9
2 12
1 13
1 23
4 16
1 9
1 18
1 25
1 1
1 9
1 9
4 7
1 20
5 11
2 26
1 8
1 24
5 3
1 22
1 30
5 14
1 27
1 20
1 18
1 13
4 12
5 13
5 18
1 5
5 13
1 3
1 41
1 19
1 10
1 11
3 5
2 5
5 14
1 13
1 2
1 19
5 1
1 14
1 7
5 17
1 8
1 10
5 16
3 3
5 2
5 8
5 3
1 18
5 4
2 17
5 10
5 8
2 16
5 2
1 13
5 4
1 10
1 52
3 3
1 9
5 4
4 4
1 9
1 8
1 9
1 12
1 5
1 5
1 4
1 9
5 1
5 4
4 2
1 8
5 1
1 8
1 2
5 25
1 55
1 50
5 21
3 9
4 1
2 0
5 0
1 17
2 22
4 6
5 16
1 21
2 2
5 4
2 4
2 6
1 16
5 20
5 9
1 19
5 9
5 10
1 9
4 4
4 5
1 8
1 17
1 10
1 7
1 9
1 21
5 9
1 18
1 7
5 0
5 0
5 4
1 17
4 5
1 13
5 2
5 5
1 2
4 9
5 2
5 12
1 17
5 6
5 4
3 8
5 2
1 17
5 1
4 19
1 14
1 31
1 37
1 17
1 6
5 12
1 18
5 11
1 20
2 9
1 21
5 7
5 6
1 15
3 4
5 8
5 7
1 14
3 3
1 6
3 7
1 7
1 7
1 5
1 8
5 3
5 6
5 3
1 9
5 3
1 9
1 6
5 4
5 2
1 4
1 5
5 3
5 5
1 3
1 5
1 5
1 6
1 3
1 5
1 5
5 4
1 5
5 2
1 5
1 5
5 3
1 3
1 3
1 5
1 3
4 3
1 5
5 2
1 6
5 4
5 3
5 2
4 8
5 5
3 1
5 2
1 3
1 3
5 3
5 6
1 3
1 4
1 4
1 3
1 3
1 3
2 3
5 3
5 4
3 3
1 3
1 3
5 2
5 2
1 3
5 2
5 2
5 3
1 3
5 2
5 2
5 2
5 2
5 2
5 18
5 2
4 2
5 3
5 2
5 3
1 113
1 3
5 4
2 3
2 3
5 2
1 3
5 2
1 4
5 2
1 3
1 3
5 1
5 1
1 2
5 2
1 3
4 1
2 3
1 3
5 2
5 0
5 1
5 2
1 2
1 2
5 1
5 2
5 1
5 3
1 2
5 0
5 1
1 1
4 0
4 7
3 0
1 2
1 2
5 1
1 2
5 79
3 1
1 1
5 0
4 2
5 3
5 2
5 0
4 1
1 2
1 117
5 1
5 12
1 87
5 1
5 3
5 13
4 30
5 8
5 26
5 7
1 30
2 13
5 22
5 20
5 9
1 26
5 47
5 10
5 7
5 10
1 10
1 32
1 20
1 11
5 14
1 6
3 8
5 2
1 22
1 14
1 35
2 18
1 7
5 11
1 3
1 15
4 77
1 22
5 12
5 9
5 8
5 13
1 29
5 30
5 17
1 25
5 10
5 6
5 11
5 9
5 11
5 12
4 11
2 20
1 25
5 13
5 8
5 9
5 7
5 4
5 12
1 43
5 10
5 9
5 4
5 7
5 5
3 4
5 6
5 6
5 4
5 9
5 8
1 18
5 10
1 10
5 7
1 16
5 5
5 9
5 8
5 7
5 8
5 7
5 4
5 5
5 6
1 15
5 3
5 8
5 8
5 4
5 5
5 12
5 9
2 13
5 4
5 4
5 4
1 10
5 5
5 5
5 1
5 8
5 5
5 5
5 6
5 7
5 7
5 9
5 7
5 7
5 7
5 4
5 5
5 7
5 9
5 8
5 51
5 10
5 4
5 7
1 18
1 11
1 22
1 11
5 4
5 11
5 11
1 9
1 12
1 11
5 4
5 4
1 9
1 21
5 8
3 19
1 6
1 42
5 10
1 21
1 2
1 6
5 11
4 15
5 11
1 4
5 5
1 8
4 3
5 13
5 12
1 49
1 12
5 14
5 4
5 8
1 12
1 9
4 6
1 20
5 3
5 4
5 11
4 3
1 6
5 6
1 11
1 11
1 14
5 7
5 4
1 19
1 17
5 3
1 12
5 5
2 2
2 2
5 4
2 4
5 6
1 17
1 60
1 14
5 6
2 10
4 1
4 12
1 8
1 24
5 4
1 56
1 18
5 7
1 14
5 11
5 9
1 15
1 25
5 3
5 12
5 4
1 10
5 7
1 17
5 7
4 9
1 13
1 10
5 7
5 7
2 6
1 29
5 8
5 6
1 26
1 18
1 18
5 13
1 9
5 12
5 7
1 10
1 16
1 25
5 4
1 23
1 24
3 1
1 16
5 24
1 22
1 31
1 14
1 31
1 38
5 5
5 4
5 8
5 10
1 14
5 4
5 7
1 11
5 8
5 5
5 4
1 12
4 20
1 4
1 43
5 14
1 16
5 11
1 25
1 21
1 8
1 24
1 0
5 1
1 21
3 6
1 25
5 1
2 5
1 17
4 1
1 26
5 6
1 7
1 13
1 14
5 9
1 5
1 17
1 15
5 6
5 2
1 20
1 10
2 20
5 14
1 14
5 14
5 18
5 2
5 4
4 7
1 4
5 26
1 13
5 9
5 3
3 6
3 3
4 5
5 8
5 2
5 2
5 11
5 7
5 4
5 10
1 2
5 18
1 52
5 9
5 5
2 23
4 20
1 44
5 23
5 30
5 25
1 20
1 18
1 11
1 42
1 9
5 2
1 31
1 23
2 4
1 24
5 2
4 3
1 31
1 12
2 6
5 11
5 9
1 6
5 10
1 15
5 14
5 12
5 10
1 32
1 19
1 34
5 6
4 1
5 10
2 358
1 20
1 23
1 4
1 19
5 76
1 13
1 16
5 23
1 23
5 8
5 17
1 13
2 16
1 13
1 21
1 6
5 4
5 6
1 7
5 11
5 14
2 3
1 2
5 19
1 14
1 33
5 1
5 2
5 4
1 11
2 4
5 2
5 3
5 7
3 3
5 21
1 6
5 15
5 9
5 9
5 4
5 73
5 13
1 10
1 21
5 16
5 112
2 10
1 17
5 13
1 66
1 7
3 2
1 19
5 25
5 9
1 4
2 15
1 29
5 14
1 15
5 5
5 3
1 20
5 19
1 44
1 7
1 26
5 9
1 8
1 25
5 13
4 4
5 18
1 30
5 9
5 5
5 4
1 72
1 17
1 21
1 1
1 1
1 10
1 21
5 17
1 0
5 2
5 10
2 32
5 12
5 7
1 11
1 16
1 9
5 1
1 19
1 1
5 7
5 1
1 57
1 12
1 0
5 4
1 9
1 5
5 10
1 21
1 23
1 21
1 4
1 1
1 6
5 4
5 19
1 25
1 17
4 4
5 6
5 1
5 5
1 15
1 3
5 1
1 23
5 6
1 11
1 15
1 9
5 4
2 3
3 3
5 28
5 5
5 4
5 28
5 7
1 16
1 20
3 0
1 27
5 3
4 2
5 4
1 15
5 1
5 1
5 6
5 8
1 2
5 165
5 1
5 7
4 12
1 33
1 6
2 2
5 1
1 0
1 28
5 12
1 10
1 15
5 6
3 10
1 13
4 6
1 0
5 1
1 16
1 11
2 0
5 120
5 18
1 9
1 2
5 7
1 9
5 1
1 0
2 12
1 27
1 10
1 8
1 17
5 8
2 21
1 22
5 15
5 14
5 16
1 0
1 16
5 19
5 15
1 12
3 16
3 4
2 5
5 8
1 20
4 2
4 10
1 6
1 8
5 10
5 13
5 8
1 10
5 1
1 0
1 0
5 9
5 8
5 14
1 2
5 36
5 15
5 44
1 0
1 9
1 16
1 7
1 14
5 14
1 8
1 3
1 8
5 11
1 0
3 6
5 2
1 13
1 5
5 10
1 26
2 90
5 16
1 29
5 15
5 0
5 23
4 12
5 1
5 17
5 12
5 1
1 0
5 68
1 0
1 30
5 15
5 1
5 13
4 2
2 1
5 5
5 15
4 3
1 20
5 16
5 1
1 0
3 1
1 7
1 10
1 2
5 85
5 6
1 0
5 17
5 1
1 10
1 9
1 4
5 1
5 2
5 1
5 1
1 10
5 58
1 2
5 2
1 4
5 3
1 3
1 1
5 2
5 2
5 1
1 1
1 2
1 3
5 1
1 1
5 1
1 17
1 1
5 1
5 1
1 1
5 2
5 1
1 7
4 2
1 1
5 1
1 2
1 7
3 5
1 3
1 4
3 1
5 36
1 5
5 39
1 5
5 2
1 0
1 0
5 16
5 181
5 0
5 9
5 1
5 1
1 1
1 0
1 0
5 16
1 1
1 0
1 2
5 2
1 26
1 0
5 1
1 3
5 1
5 1
5 1
1 2
5 1
5 2
1 0
1 0
1 0
5 1
5 1
1 1
1 79
1 1
1 0
5 1
1 0
5 1
5 1
1 1
5 8
1 40
1 0
1 2
1 0
5 0
1 0
5 1
5 11
1 4
1 5
1 4
1 0
5 5
1 11
1 6
5 2
5 4
5 0
5 4
5 1
5 63
1 3
1 5
3 6
1 3
5 7
1 0
4 39
5 1
5 0
5 2
5 2
5 3
2 7
5 7
5 4
4 3
5 1
5 8
5 2
5 41
5 0
5 1
5 3
1 1
1 3
1 6
5 3
4 7
1 3
5 2
1 0
1 0
4 0
5 2
5 1
2 4
5 3
3 4
5 1
5 134
5 27
1 1
1 3
5 1
1 2
5 3
5 1
5 4
1 2
1 6
5 3
5 1
5 1
5 1
2 5
5 1
5 1
5 2
5 2
5 1
5 1
5 0
1 2
5 1
1 6
1 4
5 2
1 1
1 2
5 1
5 3
5 0
5 1
1 4
5 2
5 2
5 1
4 3
5 2
1 2
5 1
2 5
1 0
5 1
1 4
5 2
5 1
1 3
1 3
5 1
5 1
5 1
5 2
1 3
5 3
2 0
5 1
1 2
1 4
5 2
1 1
5 2
5 0
1 2
1 4
4 4
1 3
1 3
1 3
1 2
5 2
5 1
1 3
1 3
5 5
5 100
5 50
1 2
1 2
5 38
1 3
5 6
5 2
1 2
1 2
5 1
5 1
1 4
5 2
5 219
1 2
1 3
1 2
1 4
5 0
5 172
1 1
1 3
1 2
5 0
1 3
1 3
5 2
5 3
1 3
5 1
5 3
1 2
1 3
5 1
5 1
1 4
5 2
5 1
5 2
1 98
1 4
1 2
1 125
5 118
1 52
5 337
1 2
5 2
2 167
1 12
5 103
5 84
1 63
1 53
5 40
1 75
1 83
5 48
5 2
1 79
5 37
5 43
1 76
1 5
4 148
5 61
5 62
5 7
2 9
