5 1
5 3
5 1
5 1
5 0
5 2
1 55
5 2
5 2
5 0
5 0
5 1
4 1
5 1
5 0
5 0
4 0
5 0
1 43
5 1
3 5
5 2
1 17
5 1
5 0
5 0
5 0
5 0
5 1
3 5
5 2
5 2
2 78
5 1
5 0
5 1
5 0
5 0
5 0
5 0
5 0
4 1
5 0
5 0
5 0
5 0
5 0
5 0
5 0
5 0
4 0
3 2
5 0
5 0
4 0
5 2
5 0
5 4
5 2
5 0
5 4
4 1
5 3
4 4
5 2
4 1
5 1
5 1
5 2
5 0
5 1
4 1
5 1
5 0
4 0
5 1
5 0
4 1
5 2
5 1
4 0
5 0
5 0
5 1
4 0
5 0
4 0
4 1
5 0
5 0
5 1
1 19
5 51
5 0
5 0
5 0
5 0
4 0
5 0
5 0
3 3
3 4
5 2
2 2
1 12
5 4
5 2
5 0
5 0
5 0
5 0
5 0
5 2
5 0
5 0
5 3
5 1
5 0
1 21
5 1
5 0
5 0
5 0
5 1
5 0
5 0
5 0
5 0
5 0
5 0
5 0
5 0
5 0
5 0
5 0
5 0
5 0
5 0
4 0
5 0
5 1
5 4
5 2
4 1
3 1
5 0
5 0
5 0
5 0
5 0
5 0
5 0
5 0
4 0
4 2
4 1
5 2
5 1
1 12
5 0
5 1
4 1
5 3
5 0
5 1
5 0
5 0
5 0
5 0
4 1
3 0
5 0
5 0
5 0
5 0
5 0
5 0
5 0
1 24
5 0
5 0
5 1
5 0
5 0
3 1
5 0
5 0
5 1
4 0
5 1
5 0
4 1
5 1
5 0
5 0
5 0
5 0
5 0
4 0
5 1
5 0
5 0
5 0
4 0
5 1
5 0
5 0
5 2
5 0
5 0
3 6
5 0
5 0
1 22
5 0
5 0
5 0
5 0
1 21
5 0
5 1
5 0
5 0
5 0
5 0
5 0
5 0
5 0
5 0
5 0
5 0
5 0
5 0
4 0
5 1
5 1
5 0
5 1
5 0
5 0
1 21
5 0
5 2
5 3
5 2
5 1
5 1
5 1
4 2
5 0
5 0
5 0
1 44
5 0
5 0
5 0
5 0
5 0
5 0
5 1
5 0
5 1
1 33
5 1
5 0
5 0
5 0
5 0
5 0
5 0
5 0
5 0
5 0
5 0
5 0
5 0
4 0
5 0
4 1
5 0
5 1
5 1
5 1
5 0
4 0
4 1
3 2
5 0
5 1
5 1
5 1
4 0
5 0
4 0
5 1
4 0
5 0
5 0
5 0
5 0
5 0
5 0
5 0
3 2
5 0
5 0
5 0
5 0
5 0
5 0
5 0
5 1
5 1
5 1
5 0
5 9
4 0
4 3
5 0
5 0
5 0
5 0
4 2
1 28
1 64
4 2
5 3
5 1
4 5
5 0
5 0
5 0
5 0
4 0
5 0
5 1
5 0
5 0
4 0
3 1
5 0
5 0
5 0
5 0
5 1
5 0
5 1
5 0
5 5
5 0
5 0
5 5
5 2
5 0
5 0
5 0
5 0
5 0
4 0
5 0
5 0
5 0
5 1
4 1
4 0
5 0
5 0
5 0
5 0
1 32
5 0
5 1
5 2
5 0
4 1
5 0
5 1
1 55
5 0
5 0
5 0
5 1
5 0
5 0
5 1
5 6
1 17
5 0
4 1
5 0
5 0
5 1
5 1
1 25
5 0
5 0
5 0
5 0
5 0
5 0
3 5
4 2
5 0
1 8
5 2
5 0
5 0
5 1
5 96
3 5
5 2
5 0
5 0
5 4
5 0
5 0
5 0
5 1
5 0
5 3
5 15
4 2
5 5
5 0
5 1
5 1
5 0
5 1
4 1
4 1
4 0
4 0
5 0
5 1
5 1
5 0
5 5
5 0
5 0
5 0
5 0
5 1
5 2
5 1
5 16
5 1
5 1
5 1
5 0
5 2
5 0
5 1
5 34
5 1
5 4
5 0
5 4
5 0
5 0
5 0
5 0
5 0
5 23
5 0
5 3
5 0
5 0
5 3
5 0
5 2
4 0
3 9
5 0
5 1
5 0
4 1
5 1
5 2
5 0
5 0
5 0
5 1
5 0
5 0
5 0
5 0
4 0
5 0
5 4
5 0
5 2
5 1
5 0
5 0
5 0
5 0
5 0
5 1
5 0
5 0
5 2
4 1
5 0
5 1
1 32
4 0
3 0
5 1
5 1
5 4
1 56
4 1
5 1
5 1
5 2
4 2
5 4
5 0
5 0
5 0
5 65
5 0
5 0
5 0
5 0
5 2
5 1
5 0
5 0
5 1
5 0
5 0
5 0
4 0
5 0
5 0
5 0
5 1
5 1
5 0
5 1
5 0
5 8
5 0
5 0
5 1
5 0
5 0
5 0
5 0
5 0
5 0
5 1
5 0
5 1
5 0
4 0
5 1
4 1
4 0
5 0
4 0
4 0
5 0
5 0
5 0
4 0
5 0
4 0
4 0
5 1
4 0
4 0
4 0
4 0
4 0
5 0
4 0
5 0
5 0
5 1
5 0
5 0
5 1
5 0
5 0
5 0
5 0
5 0
5 3
4 0
3 2
5 2
5 0
5 0
2 4
5 1
5 2
5 0
4 0
5 1
4 0
4 1
5 0
5 1
5 3
4 1
5 2
5 0
5 0
5 0
4 0
5 0
5 2
5 2
1 55
5 2
5 1
4 1
5 0
5 1
3 2
5 12
5 2
4 4
5 1
5 0
5 0
5 2
5 1
5 2
5 1
5 1
5 1
5 5
5 4
2 12
5 0
5 0
1 17
5 2
5 0
5 0
5 0
5 8
5 8
5 1
5 1
5 1
4 3
5 1
3 2
5 0
5 0
5 0
5 0
5 2
5 1
5 2
2 9
5 2
2 1
5 1
5 2
5 2
1 17
5 2
5 2
5 2
4 1
5 1
5 0
4 1
3 9
2 7
5 0
5 2
5 29
5 2
4 1
5 1
3 4
4 0
4 0
5 0
5 0
5 0
4 2
5 0
5 1
5 0
5 0
5 3
5 0
5 2
5 11
4 0
5 2
5 0
4 0
5 0
5 0
5 0
5 1
5 0
5 0
5 3
5 1
1 28
5 0
5 2
5 1
5 6
5 0
5 1
5 1
5 1
5 1
5 8
5 4
5 2
5 3
5 1
5 2
5 0
5 1
1 72
5 1
5 5
5 1
3 14
4 1
4 3
5 1
5 1
5 2
5 2
4 1
5 16
5 1
5 27
2 11
5 5
5 3
5 1
5 4
5 1
5 2
5 2
5 2
4 6
2 5
4 1
5 16
5 5
5 1
5 0
5 0
5 0
1 15
5 1
5 11
5 5
5 18
5 2
5 0
5 0
5 4
5 3
5 3
5 4
5 3
5 0
5 0
5 0
5 0
5 2
5 8
3 7
5 1
5 0
5 1
5 5
5 3
5 1
5 0
5 1
5 2
5 2
5 0
5 1
5 1
5 0
5 1
5 1
5 0
5 0
5 0
5 0
4 0
5 0
5 1
5 1
5 0
5 0
5 0
5 1
5 0
5 2
5 1
5 1
5 0
3 4
5 0
4 2
2 14
5 1
5 9
5 0
3 6
5 0
5 2
5 0
5 37
5 4
4 5
5 4
5 1
5 0
5 0
5 0
5 0
4 0
5 1
5 4
5 2
5 0
5 1
5 1
5 0
5 0
3 2
5 2
5 1
5 0
5 8
5 0
5 0
5 0
5 0
5 0
5 0
5 0
5 0
5 0
5 0
5 0
5 0
4 0
5 0
5 0
4 4
5 0
5 0
3 0
5 0
2 6
5 0
5 0
5 0
5 0
5 0
2 3
5 0
5 0
5 0
5 0
5 0
5 0
5 0
5 0
3 1
4 0
5 0
5 11
5 0
5 0
5 0
5 0
5 0
5 0
5 0
4 4
5 0
5 0
5 0
5 0
5 0
5 0
5 0
5 0
5 2
5 0
5 0
5 0
5 0
1 48
5 0
5 0
5 0
5 0
5 0
2 5
5 0
5 0
5 0
5 0
5 0
4 0
5 0
5 0
4 0
5 0
5 0
2 3
5 0
5 0
1 13
5 0
5 0
1 3
5 0
4 0
5 0
5 0
5 0
1 24
5 0
5 0
5 0
5 0
5 0
5 0
1 6
5 0
5 0
5 0
4 1
5 0
2 18
5 1
5 0
5 0
5 0
5 0
5 0
5 0
5 0
1 8
5 0
