5 1
5 4
3 2
5 2
4 3
1 69
5 1
5 4
5 0
5 0
5 3
1 39
5 3
5 3
5 5
4 6
5 3
5 6
5 1
5 4
4 3
5 3
5 1
5 0
5 3
4 2
5 4
5 3
4 2
5 2
5 1
4 0
4 0
4 1
4 0
5 2
4 2
5 1
4 3
5 0
2 14
5 0
3 7
5 3
5 2
5 1
4 0
4 1
5 2
5 3
3 4
5 1
4 3
4 0
5 1
4 3
4 1
5 2
5 0
5 1
5 1
5 2
5 1
5 2
5 3
4 2
5 6
5 7
5 5
4 4
3 8
2 15
5 7
5 4
5 0
4 4
5 2
4 2
4 5
5 2
5 5
5 6
5 2
5 2
5 4
4 2
3 30
5 5
5 4
5 1
2 7
5 0
5 4
5 4
5 2
5 3
4 3
5 1
5 3
4 2
4 3
5 2
3 2
5 1
5 0
5 0
5 1
5 0
4 2
4 0
5 0
4 4
5 1
5 3
4 3
4 1
4 2
2 8
5 3
5 0
5 1
5 0
5 0
5 4
5 4
4 0
5 0
5 0
4 3
5 2
4 2
5 1
5 1
5 1
5 0
4 2
5 0
5 3
3 3
5 3
5 5
5 1
5 0
4 0
5 1
5 0
5 0
5 0
5 3
5 7
5 7
5 3
5 1
5 4
4 2
4 3
5 1
5 7
5 0
5 7
4 1
1 29
5 4
5 2
5 1
3 2
5 3
5 3
5 3
3 6
5 3
5 1
1 36
5 1
5 2
3 1
5 2
5 0
5 2
5 0
5 0
5 0
5 1
5 0
5 0
5 0
5 0
5 0
4 0
5 4
5 2
5 2
5 2
5 16
5 2
5 2
5 2
4 3
5 3
5 2
5 3
5 2
4 4
5 4
4 3
5 4
5 4
5 3
5 4
5 4
5 2
3 8
2 26
5 5
5 0
5 4
5 3
5 3
5 6
5 2
5 1
4 2
5 2
5 3
4 0
5 1
4 11
5 2
3 0
5 1
5 1
5 0
3 1
5 3
4 0
5 0
5 5
3 2
5 3
3 3
5 5
5 5
5 0
5 0
5 4
5 1
5 3
5 2
5 2
2 3
5 5
5 4
5 1
3 6
5 5
5 3
5 5
5 4
4 0
5 0
4 8
5 1
5 3
2 6
5 4
4 5
5 2
4 3
3 3
3 7
5 3
5 3
5 5
5 3
5 3
5 1
5 1
4 2
4 2
5 3
4 1
5 2
5 1
5 3
2 7
5 4
5 3
5 3
5 5
5 4
5 2
2 7
5 3
5 1
5 1
5 2
5 6
5 1
4 0
5 0
5 0
4 1
5 0
5 0
5 0
5 1
5 0
5 2
5 0
5 0
5 6
5 2
4 4
4 1
3 6
5 3
5 3
5 0
1 49
5 3
5 3
5 5
5 3
4 0
5 4
5 2
5 2
5 2
5 2
4 5
4 0
5 0
4 3
2 24
5 4
5 8
5 1
1 22
5 3
5 5
5 4
5 2
2 6
5 6
3 3
5 0
2 16
5 0
5 0
5 2
5 4
5 2
5 2
5 1
5 7
5 7
5 2
5 3
5 3
5 4
5 7
5 6
5 8
2 17
2 26
3 6
4 1
4 4
5 3
5 4
5 3
1 227
5 12
5 7
5 3
3 62
4 2
5 3
4 7
3 8
5 1
5 1
5 2
5 0
2 43
4 3
5 2
5 1
2 12
5 1
3 0
4 1
5 0
5 0
5 0
5 0
4 2
4 1
5 2
5 2
5 1
5 4
5 4
5 7
4 5
5 7
4 8
2 21
4 8
5 8
5 7
4 5
1 27
4 13
5 4
2 21
5 2
1 31
5 3
5 7
5 1
5 4
4 2
5 6
4 2
5 1
5 2
3 4
5 1
3 4
4 1
5 2
5 1
5 0
5 1
5 2
5 1
5 2
5 1
3 6
5 0
5 2
2 28
5 3
5 2
5 0
5 1
5 20
5 4
5 1
5 2
2 11
5 2
5 2
4 1
5 4
2 10
5 2
5 2
3 16
5 2
4 4
3 7
4 3
5 4
2 8
5 1
5 3
5 5
5 5
4 1
4 3
5 4
5 2
2 14
5 2
2 8
5 1
5 2
3 3
5 4
5 6
5 4
3 3
5 1
5 0
4 1
5 1
3 1
5 1
5 2
5 0
5 3
4 4
5 4
5 1
5 1
5 2
5 1
5 2
5 0
5 4
5 3
5 7
3 6
5 2
5 3
5 4
5 4
5 4
5 4
5 5
5 2
3 2
3 12
5 1
5 5
5 3
5 4
4 5
4 6
5 3
5 6
5 5
5 1
3 1
5 3
5 3
1 69
5 5
5 2
4 7
4 5
5 4
5 12
5 9
5 4
5 6
5 0
5 7
5 11
4 3
2 10
2 17
4 4
5 2
5 0
5 1
2 24
5 4
5 1
5 3
5 10
5 4
5 3
5 0
5 3
5 5
5 1
5 1
5 5
5 3
5 3
5 4
5 2
5 5
5 5
5 3
5 4
4 6
5 1
5 2
5 2
5 1
5 4
5 2
5 4
5 6
5 7
3 9
4 4
2 10
3 13
5 34
5 6
5 2
5 2
5 10
5 4
5 4
5 7
5 0
5 2
5 1
5 5
5 0
5 2
5 0
5 2
5 0
5 0
4 5
5 3
5 10
5 2
5 2
5 2
5 6
4 12
5 2
5 6
4 5
5 1
5 1
5 5
5 4
4 4
5 1
5 0
4 1
5 0
1 32
5 1
5 3
2 588
5 1
5 0
5 0
4 0
5 0
5 0
5 1
5 9
1 53
3 50
5 4
5 1
5 1
5 7
5 12
5 0
5 1
5 1
5 3
5 4
1 38
5 2
5 2
5 1
5 1
5 0
5 10
