1008340728114601984
1010320666648645632
1010593116
1017039921255624705
1017962856
1018660693
1020789978639536128
102162577
1024179554
1028022611324747776
1031000589054828544
1033084441697153024
1034875037877186560
1038106141732089857
105327432
1054893957652434944
105613985
1059580074155012097
1060440219097423872
106123038
1067968702400876544
1070779320916996097
1077703279218282497
1082334406751252480
1083051676922273792
1083495635561541632
1089045346242576385
1094971056358637568
1095104382700605442
1099522514366001152
1101913766
1104045001321926656
1105502811800915968
1105735643135537152
1111339958852308994
1113956399833333761
112155894
1125425563076710401
1128224212349382656
1128538846130401285
1130046320184446976
1131654730579554306
1132012546637090816
1132485474
1132791264242307073
1136929287011880961
1139017108338032641
1140438675001503747
1144763809225203712
115393565
1154228711731990528
1155192156
1160600256490328065
1163579842899709953
1173501470345445376
117535296
118166719
1183047073580703744
1187384102351200256
1189870353172123648
1190491625526448130
1190788202736435200
1194801500498931712
1202415019771584512
1205246685569540097
1205439711545835520
120797984
1210233737356730368
1213060990822076416
1213233837393604608
1214489977762959362
121732143
1217939176701616128
1219694667694006273
1219836531449290753
1220034889879187456
1221462414744596483
1222196905947680768
1225382429080391680
1231420045
1233276322803138561
1235988756462780416
1236491189492174848
1237784449611231232
1238819398271541251
1240682348120866816
1240937077258117120
1241645810854453250
1243679597729910786
124385632
1245485014751408130
1246903329642471430
1247295628780208132
1248772656435871744
1249588897547300864
1253892943544381440
1254077828481630208
1261338980567613441
1263391922657337345
1265453530418237441
1265835600923357185
1267649650682523648
1268023502344384513
1269018935371771904
1269217886058549248
1270133776748855304
1276065476041465863
1278236816936710144
1282677931987406848
1284146730
1285594911803416583
1288710201240178688
1290232189615894531
1291502143342510082
1293837794771496963
1296279134079823872
1297471014389944322
1298470383356608515
1300371127127085057
130065700
1301352799960145924
1305523968137457664
1305795361336770560
1306347674929684482
1307213540634230784
1307324263297413130
1308267623327518725
1308423406749200384
1309237180418666499
1309762062
1314346745086709760
1317697028873281538
1318333892265324545
1.32151E+18
1323495003604226048
1325188311242186752
1325274987368869888
1325399345995374592
1329590133264326656
1332768779449761793
1332768934383263745
1333273132547751936
1333774146807980033
1335413170572128259
1336527483135528960
1339357320
1344424632103956482
1344762633786822658
1345510355603099648
1346847727536238595
1347379934373662721
1349922686898724864
1351956895
1352235653849870338
1353306974939738113
1353951913650266113
1354107559964073984
1354551453260591108
1355511416720076804
1356492104235577344
1357061886286602240
1362322526118969346
1363451211890876416
1363558112498749441
1364615480124846086
1366341380772147202
1368100356
1369160185315430402
1369880235064258571
1371591649013288960
1373530219273875457
1374439409047674888
1376709819613253633
1379013583074394112
1379972530463776770
1381717490124816386
1381854660106010626
1382912376597479427
1384053916690571264
1387010761994682371
1387314750883831810
1387836231937970186
1388928926869753857
139109800
1391714455390670851
1392950168
1395904932113383425
1401861298233647106
1403349748153819145
1403376337063235588
1403909678975778820
1412897313907900420
1415515867857637380
1416846409865867267
1417944725068386309
1417952253449842692
1418535365887987712
1422338138727358465
1428509556301197312
142878053
1429016867532849153
1430989083740868608
1433489836162396166
1436479905450004482
1438672537773395970
1440397840186953738
1442519346912239616
1443330719250632709
1443349716943572995
1446484946294644739
1448298903216984066
1448820035015770116
1449753135791190016
1451699962090196993
1451703125212123145
14548232
1454928205
1456071062672736260
1456312759012954115
1458422928366874624
1460176204363972613
1461182536604860417
146243221
1463263787134291970
14721982
1473093411691372551
1473144185389821953
1473301547891187717
1474726309
1474852997020758024
1475640014675628041
1475643712596168706
147649467
1476701921893257236
1477609642184396806
1485579898496376842
1486122222699876355
1489800685046669314
1492690652529889282
1493422299462402052
1493774877198749699
1494582293331349506
1497267347563982853
1497303587260715014
1497454353090809860
1497976259296563200
15085192
1516235004
1519296461435027456
1557320480
155930120
156688202
1573800344
1597060776
163099660
164178673
1645345628
16586417
1669082978
1686874152
1692427820
16966104
170600442
171204118
17243913
17261279
17267769
17290000
17531651
17571514
17578329
17624477
17698525
17717593
177400353
178494883
17939958
18053163
18184205
18218403
183024552
18366690
1881185678
190154112
19019465
1921951394
19429280
194617157
1954432309
19617541
1967958770
1969346438
197880158
199452338
200511006
20061144
200859598
202884181
20403317
20451595
20821069
20907463
212445456
213801168
21407616
21489341
2151852128
2173378878
2193135944
2229123357
22344763
22448617
2249409116
2264401871
22875032
232187050
2328730903
233018450
2332033299
2340315002
23422559
2342573012
23452847
2371064395
2372317417
23747507
2386246513
2402210804
2412307836
2423537112
2430547590
2432830728
2447463596
2448649162
2448742807
244954523
2453660160
246070116
246667561
2475034094
24881664
249524923
252553444
252793413
2530758806
253641379
2536457582
2549616986
256677596
2574271742
2589820362
2592842778
2615581908
262472211
26262458
26391380
267377062
267498657
26775504
26805539
2683210415
268794479
26973844
270679223
2706903578
2732470025
2739667932
275104144
2751873404
279390084
2809579420
281387770
281597195
2828664616
284475942
2856133189
2876041031
287675386
2880610310
2886781622
2887391470
2891451417
289186412
29188599
2921282954
292243085
2926505202
29269689
2933782246
2941201618
29420301
29447428
2951601697
2968186857
3002029764
3003507631
301352485
302984766
303324434
3040987923
305325817
3065680671
306616453
307823204
309932421
3106186180
31493863
3162249408
3168944977
317340647
320014945
3226113792
322643459
3235749702
32366648
3264938916
3265321562
32669068
3270007519
329305241
3300838824
3310125162
332055899
332080277
3336352766
3342600166
335240330
335600262
338219529
3398432139
3423997089
344185586
3453306553
345365317
348764745
352754946
35636271
356546958
3598044795
36066931
364478729
3656850915
3657013654
3670614857
37338552
380105755
38232159
39130254
39143124
3928989554
3930472251
400495760
403796945
40931023
41186732
41438148
416690954
416950760
41719739
4196505444
419927046
42091962
42371615
426361581
4264297743
4280220914
42856767
428944666
432263329
433728338
43611815
446173045
448692159
4491531140
449415912
449864075
451260166
45379403
4541535439
45591393
4635379238
468161947
47003347
470797902
4757894056
48074704
480875170
4830874006
48367770
486834536
487686623
4899639072
4917244678
493606253
49445627
494701047
496455154
500048680
50189290
51001054
51241418
517105402
518521500
524939820
531618878
5439842
547328022
551507199
552543142
553990226
555857498
556601571
578601744
579287636
581375677
582414351
582850891
59028892
594490204
602854345
60779696
60866631
612440918
61348039
614600545
631283641
631850941
68396377
700359998
703626110
704867245470535681
708381986281291776
708800580995522560
711608180535640064
713133920968159232
713761799103971331
713839291210792960
715617989656051712
720420236076277760
726070073081868289
727843939634421766
728273994
729804032
731874217
732217064237207552
73452506
73537202
736393287678853122
73659965
737585496
738145794
738786290313920513
746377806754394116
746746178260205569
757082022204538880
758114193895665664
760219193195302912
761819600568717312
7.66136E+17
76941017
773570120132202497
775482843191398401
77726331
7777302
779091626727763968
779833230
781701900
78311949
783655217170554880
785154746818633728
788106950160609280
789203988533026818
793520017
795138728218021889
79688044
797406769
79813585
798711382044708864
800148535899324416
800262170
803320111503462400
804582780298412032
80471236
805372752
811362755861061632
811704294743359493
813314931147816960
817086280597209089
819873531160731649
821681572202029058
822591807821381635
825405072502902784
825765275853344773
826226272418283520
828561216918335489
828605443400282113
829834513320726530
829855036372979712
831159630172680195
832019161454817280
836753078153965570
838381908656603144
839734220620722176
84146348
84174241
84440344
844852386
845793138321113088
848180033688612864
850099512
851051040
855996928374341633
8619542
866724171304194048
867343717
870244616003403781
871240626116804611
872158753008877569
87358629
874148114399154176
874258472
875495754537861121
875612784863531008
877968869138329601
880819093976170498
881248503514714112
886032877011558400
887052266741616640
887925458
889348599837933568
892503488193855488
893479800
897180245006180352
897515348085190656
898231845925646336
899697150380134400
90107770
90146161
902689690704367616
903339238032322561
906530576445984769
906944118483382273
91039220
913835190572670976
913891656784662530
91556413
919667724535648262
919965874311782400
922294461186453504
922464867436593153
923839146077986821
925679969224634368
928269303761158145
932807688815120384
934181338793562112
935883301
938494109844729856
938724387125190656
940778288871542786
943210460
94350709
944149608992854017
949134972547248129
95620187
95766237
958685436112658432
961105574
962092001154940928
963921191084929024
965591988786446338
965935355492032514
96648433
966513420446003200
967871677399994368
9707492
971011334920900609
975084801253396480
975665886286753792
976948534053343233
977002392368680960
977796337151307776
980751310642233345
981436419087523840
982538772540567552
984232716651511808
985146235039506432
99151115
992335398943719424
995789645354070021
997519418492993537
