
1003107003693137921
1005846500583321601
1009577803304656896
1020602380096696320
1029041185808109568
1031000589054828544
1046608631968538624
105433445
1060751816
1066773270773547008
1073606435580325889
1074480192
1077214808
1080844782
1087380412089987077
1094095877302611969
1094713876132872192
1094971056358637568
1095523459877068800
1096205507348623360
1098819491780153345
1104524508709441536
1108565574
1109045045649424386
1113341312
11134252
1113747629282930688
1117704370630455296
1120633726478823425
113165445
1136667717317091328
1137827292
1155845777039810560
1159682513947652096
1168793622248067072
1168968080690749441
117122035
1176522535531360257
1177718582
1189799454506799104
1201670995435646976
1201944151
1201953403099893760
1205226529455632385
1218721688738615297
1221462414744596483
122640580
1236324668640047105
1236816024281976833
1237314642583658496
1238370241169616897
1238583088998830081
1238949674989416449
1241938664
1243560408025198593
1247612029
1249982359
1250239723
1255393579507351554
1259851956
1260792878420291584
1268223690480615424
1271162030393896968
1275209472
1278236816936710144
1280478731874848769
12848262
1296279134079823872
1298372735383605249
1299769218
130120037
1305817131234267136
1307027256133345280
1319916075476262914
1321935792416149505
1330585435
1330859882040463362
1335983975613939712
1340093943879512065
1341091420439015424
1344356576786866176
1349087304233541633
1349149096909668363
1349418249172234241
1364639441604800513
1375592430624518156
138168339
1383272101
1384053916690571264
1387010761994682371
1387802155810271239
139109800
1391884924173627395
139328853
1393936924830732288
140252240
1415344770130587649
14157134
1421835080813666306
1424033022
14247236
14260960
14281853
14298769
14328072
14344823
14362766
1442256078259974154
1443759943
1449377648229195779
145499533
1456416915065352197
1460176204363972613
1462548977367359490
14707794
1471037967926018051
1473485044018601984
1476701921893257236
1481658762221993984
1483959660185067526
1488966025257312262
14892665
1491238215256141825
149522272
1498289437624647686
1503925343434215425
15115280
151257881
151606599
15207668
15250661
152656121
153517357
1539378523
15480566
155930120
1570801196
1573800344
15740776
15745368
15801906
159021888
1598709350
16012783
16041234
160856325
16106584
163018653
1640929196
1652177576
1652541
165660881
16635277
16799453
168261424
17027632
17204460
174151902
17477864
175694557
17774061
178580925
178711456
17895820
179313631
179986211
18004222
180887271
18166778
18178850
182474563
18440301
18831926
1891490382
189340096
1903372854
19084896
19089339
1917731
19241864
19536434
1957610664
19604599
19678937
19739126
198296897
19899980
19980499
20052899
20172153
20280088
203123011
20559705
20742888
20751145
20973388
20995648
212445456
212621119
21365372
214492262
21525682
2153626892
2209106522
221706364
22187085
22189368
2227646515
22277113
2234760798
22448617
2245797112
2245822809
225779417
2264401871
22693817
22803269
22956018
23022687
2316383071
2332818674
233343317
234694571
2352629311
237176284
23937894
24127811
242827267
245789728
2461810448
2467791
246939630
24931027
2522916284
25268540
254515782
2553418813
255369151
255471924
255812611
2561429863
2583166945
2598999181
2608740770
2615581908
26217297
262219168
26347394
26562883
26637348
270132611
27086850
27493883
276688330
2768501
278145569
2800843867
2809959174
282711900
284590933
2876041031
28785486
288277167
2885493519
2899264434
2904241896
2924933104
2926204339
29270273
292891307
29447428
29459695
2962813893
296553576
2975091705
2985479932
2987245137
300236092
306832085
307755781
30844417
31194003
3131144855
3140730672
315779591
3246790436
324703658
3249260534
32871086
3288075858
3300678755
3303457302
3342600166
3348628540
3380282686
3383159573
339724344
34116377
34247411
342802864
342863309
343713611
3453306553
349816997
351120282
35157660
353365146
355422278
35787166
36134224
36372343
36711022
368240745
372536101
381685461
3832
3866705320
39002335
39155029
39344374
396044297
4043106914
4091551984
409657315
4118285112
41438148
416950760
420617857
424144191
43277776
44196397
45342709
45379403
454099919
4541535439
45977763
459872442
462021312
463214687
467726691
46926921
47094621
471426839
4725383142
477934944
48325671
48624704
486834536
490002009
492736486
49698134
499154896
506216849
51241574
519897737
523411543
52544275
52585436
52770751
532779460
54391597
548384458
558818756
58436094
58487473
586291040
58974496
593289567
603724114
605153786
60783724
612441328
62859096
631540093
63942152
64643056
64698201
65357102
66917778
67805368
707967655031005186
71048726
711608180535640064
713752653289955329
722242009
722528529716383744
72655429
728273994
73397322
746417655750373376
746652122
756584190112591872
7587032
767788995962998784
76842602
775611351792222208
7767002
7768402
785563515897524229
793331593
793520017
79352723
795857631571156992
798953701972938752
799717156589965312
799911790398373888
80040960
807095
80802900
813314931147816960
816652616625168388
818893114979061761
818975124460335106
819994707061248001
820452522494226433
832616065259614209
833988769
834081571493785600
843433646962999296
848148994102611969
849376476877266944
86626845
868673067223887872
870629200348274688
871464343040393218
874916178
877968869138329601
878247600096509952
878284831
879147821915615233
879713479254528005
885891622919184384
889054752230735872
90651198
90679076
90732175
91583544
919828292387061761
923799290
926164634570067968
92932981
93419198
935368364
938494109844729856
938758536938557440
93880122
939697315379646465
942156122
94350709
945762498883588097
949892499878719488
950261179536084992
950563187296030721
95091601
954005058793832448
95463107
956266072440635392
9609622
96152544
966695335887241219
970994516357472257
977204844
978758798176382977
978823376
983813914596118529
